9.059047e-001
8.206633e-001
7.434427e-001
6.734883e-001
6.101162e-001
5.527071e-001
5.007000e-001
4.535864e-001
4.109061e-001
3.722417e-001
3.372155e-001
3.054851e-001
2.767404e-001
2.507004e-001
2.271107e-001
2.057407e-001
1.863814e-001
1.688438e-001
1.529564e-001
1.385639e-001
1.255257e-001
1.137143e-001
1.030143e-001
9.332117e-002
8.454009e-002
7.658526e-002
6.937895e-002
6.285071e-002
5.693676e-002
5.157927e-002
4.672591e-002
4.232922e-002
3.834624e-002
3.473804e-002
3.146935e-002
2.850823e-002
2.582574e-002
2.339566e-002
2.119424e-002
1.919996e-002
1.739333e-002
1.575670e-002
1.427407e-002
1.293095e-002
1.171421e-002
1.061195e-002
9.613419e-003
8.708841e-003
7.889380e-003
7.147026e-003
6.474525e-003
5.865302e-003
5.313405e-003
4.813438e-003
4.360516e-003
3.950212e-003
3.578516e-003
3.241794e-003
2.936757e-003
2.660422e-003
2.410088e-003
2.183310e-003
1.977871e-003
1.791763e-003
1.623166e-003
1.470434e-003
1.332073e-003
1.206731e-003
1.093183e-003
9.903200e-004
8.971355e-004
8.127193e-004
7.362462e-004
6.669689e-004
6.042102e-004
5.473569e-004
4.958532e-004
4.491957e-004
4.069285e-004
3.686384e-004
3.339513e-004
3.025280e-004
2.740616e-004
2.482737e-004
2.249123e-004
2.037491e-004
1.845772e-004
1.672094e-004
1.514758e-004
1.372226e-004
1.243106e-004
1.126136e-004
1.020172e-004
9.241782e-005
8.372174e-005
7.584391e-005
6.870736e-005
6.224232e-005
5.638561e-005
5.107999e-005
4.627360e-005
4.191947e-005
3.797504e-005
3.440177e-005
3.116473e-005
2.823227e-005
2.557575e-005
2.316919e-005
2.098908e-005
1.901410e-005
1.722497e-005
1.560418e-005
1.413590e-005
1.280578e-005
1.160081e-005
1.050923e-005
9.520361e-006
8.624539e-006
7.813011e-006
7.077843e-006
6.411851e-006
5.808526e-006
5.261971e-006
4.766844e-006
4.318306e-006
3.911974e-006
3.543876e-006
3.210414e-006
2.908329e-006
2.634669e-006
2.386759e-006
2.162176e-006
1.958725e-006
1.774418e-006
1.607454e-006
1.456200e-006
1.319178e-006
1.195050e-006
1.082601e-006
9.807336e-007
8.884512e-007
8.048521e-007
7.291193e-007
6.605126e-007
5.983615e-007
5.420584e-007
4.910533e-007
4.448475e-007
4.029894e-007
3.650700e-007
3.307186e-007
2.995996e-007
2.714086e-007
2.458704e-007
2.227351e-007
2.017768e-007
1.827905e-007
1.655908e-007
1.500095e-007
1.358943e-007
1.231073e-007
1.115235e-007
1.010296e-007
9.152321e-008
8.291131e-008
7.510974e-008
6.804227e-008
6.163981e-008
5.583979e-008
5.058553e-008
4.582567e-008
4.151369e-008
3.760744e-008
3.406876e-008
3.086305e-008
2.795898e-008
2.532817e-008
2.294491e-008
2.078590e-008
1.883005e-008
1.705823e-008
1.545313e-008
1.399906e-008
1.268181e-008
1.148852e-008
1.040750e-008
9.428203e-009
8.541053e-009
7.737380e-009
7.009329e-009
6.349784e-009
5.752299e-009
5.211035e-009
4.720701e-009
4.276505e-009
3.874106e-009
3.509571e-009
3.179337e-009
2.880176e-009
2.609165e-009
2.363655e-009
2.141246e-009
1.939765e-009
1.757242e-009
1.591894e-009
1.442104e-009
1.306409e-009
1.183482e-009
1.072122e-009
9.712401e-010
8.798510e-010
7.970611e-010
7.220614e-010
6.541188e-010
5.925693e-010
5.368113e-010
4.862999e-010
4.405413e-010
3.990885e-010
3.615361e-010
3.275173e-010
2.966994e-010
2.687814e-010
2.434903e-010
2.205790e-010
1.998236e-010
1.810211e-010
1.639879e-010
1.485574e-010
1.345788e-010
1.219156e-010
1.104439e-010
1.000517e-010
9.063726e-011
8.210872e-011
7.438268e-011
6.738362e-011
6.104313e-011
5.529926e-011
5.009586e-011
4.538207e-011
4.111183e-011
3.724340e-011
3.373897e-011
3.056429e-011
2.768834e-011
2.508299e-011
2.272280e-011
2.058469e-011
1.864777e-011
1.689310e-011
1.530354e-011
1.386355e-011
1.255905e-011
1.137731e-011
1.030676e-011
9.336938e-012
8.458376e-012
7.662482e-012
6.941479e-012
6.288318e-012
5.696617e-012
5.160592e-012
4.675004e-012
4.235108e-012
3.836605e-012
3.475598e-012
3.148561e-012
2.852296e-012
2.583908e-012
2.340774e-012
2.120519e-012
1.920988e-012
1.740232e-012
1.576484e-012
1.428144e-012
1.293763e-012
1.172026e-012
1.061744e-012
9.618385e-013
8.713340e-013
7.893455e-013
7.150718e-013
6.477869e-013
5.868332e-013
5.316150e-013
4.815925e-013
4.362769e-013
3.952253e-013
3.580364e-013
3.243469e-013
2.938274e-013
2.661796e-013
2.411333e-013
2.184438e-013
1.978893e-013
1.792688e-013
1.624005e-013
1.471193e-013
1.332761e-013
1.207354e-013
1.093748e-013
9.908315e-014
8.975989e-014
8.131391e-014
7.366265e-014
6.673134e-014
6.045223e-014
5.476396e-014
4.961093e-014
4.494277e-014
4.071387e-014
3.688289e-014
3.341238e-014
3.026843e-014
2.742031e-014
2.484019e-014
2.250285e-014
2.038543e-014
1.846726e-014
1.672958e-014
1.515540e-014
1.372935e-014
1.243748e-014
1.126717e-014
1.020699e-014
9.246556e-015
8.376498e-015
7.588309e-015
6.874285e-015
6.227447e-015
5.641473e-015
5.110637e-015
4.629750e-015
4.194112e-015
3.799466e-015
3.441954e-015
3.118082e-015
2.824685e-015
2.558896e-015
2.318116e-015
2.099992e-015
1.902392e-015
1.723386e-015
1.561224e-015
1.414320e-015
1.281239e-015
1.160680e-015
1.051466e-015
9.525278e-016
8.628994e-016
7.817046e-016
7.081499e-016
6.415163e-016
5.811526e-016
5.264689e-016
4.769306e-016
4.320537e-016
3.913995e-016
3.545706e-016
3.212072e-016
2.909831e-016
2.636030e-016
2.387992e-016
2.163293e-016
1.959737e-016
1.775335e-016
1.608284e-016
1.456952e-016
1.319860e-016
1.195667e-016
1.083161e-016
9.812402e-017
8.889101e-017
8.052679e-017
7.294959e-017
6.608538e-017
5.986705e-017
5.423385e-017
4.913069e-017
4.450773e-017
4.031976e-017
3.652586e-017
3.308895e-017
2.997543e-017
2.715488e-017
2.459974e-017
2.228502e-017
2.018810e-017
1.828850e-017
1.656763e-017
1.500870e-017
1.359645e-017
1.231709e-017
1.115811e-017
1.010818e-017
9.157049e-018
8.295414e-018
7.514854e-018
6.807742e-018
6.167165e-018
5.586864e-018
5.061166e-018
4.584934e-018
4.153513e-018
3.762687e-018
3.408636e-018
3.087899e-018
2.797342e-018
2.534126e-018
2.295676e-018
2.079664e-018
1.883977e-018
1.706704e-018
1.546111e-018
1.400629e-018
1.268837e-018
1.149445e-018
1.041288e-018
9.433073e-019
8.545465e-019
7.741377e-019
7.012950e-019
6.353064e-019
5.755271e-019
5.213727e-019
4.723139e-019
4.278714e-019
3.876107e-019
3.511384e-019
3.180979e-019
2.881664e-019
2.610513e-019
2.364876e-019
2.142352e-019
1.940767e-019
1.758150e-019
1.592716e-019
1.442849e-019
1.307084e-019
1.184093e-019
1.072676e-019
9.717418e-020
8.803055e-020
7.974728e-020
7.224344e-020
6.544567e-020
5.928754e-020
5.370886e-020
4.865511e-020
4.407689e-020
3.992946e-020
3.617229e-020
3.276864e-020
2.968527e-020
2.689202e-020
2.436161e-020
2.206930e-020
1.999268e-020
1.811146e-020
1.640726e-020
1.486341e-020
1.346484e-020
1.219786e-020
1.105010e-020
1.001033e-020
9.068408e-021
8.215114e-021
7.442110e-021
6.741842e-021
6.107467e-021
5.532783e-021
5.012174e-021
4.540552e-021
4.113307e-021
3.726264e-021
3.375640e-021
3.058008e-021
2.770264e-021
2.509595e-021
2.273454e-021
2.059533e-021
1.865740e-021
1.690183e-021
1.531145e-021
1.387071e-021
1.256554e-021
1.138318e-021
1.031208e-021
9.341761e-022
8.462745e-022
7.666440e-022
6.945064e-022
6.291566e-022
5.699559e-022
5.163258e-022
4.677419e-022
4.237296e-022
3.838586e-022
3.477393e-022
3.150187e-022
2.853769e-022
2.585243e-022
2.341984e-022
2.121614e-022
1.921980e-022
1.741131e-022
1.577298e-022
1.428882e-022
1.294431e-022
1.172631e-022
1.062292e-022
9.623353e-023
8.717841e-023
7.897533e-023
7.154412e-023
6.481215e-023
5.871363e-023
5.318896e-023
4.818412e-023
4.365022e-023
3.954294e-023
3.582214e-023
3.245144e-023
2.939791e-023
2.663171e-023
2.412579e-023
2.185567e-023
1.979915e-023
1.793614e-023
1.624844e-023
1.471953e-023
1.333450e-023
1.207978e-023
1.094313e-023
9.913433e-024
8.980626e-024
8.135591e-024
7.370070e-024
6.676581e-024
6.048346e-024
5.479225e-024
4.963656e-024
4.496599e-024
4.073490e-024
3.690194e-024
3.342964e-024
3.028407e-024
2.743448e-024
2.485302e-024
2.251447e-024
2.039596e-024
1.847680e-024
1.673822e-024
1.516323e-024
1.373644e-024
1.244391e-024
1.127299e-024
1.021226e-024
9.251332e-025
8.380825e-025
7.592229e-025
6.877836e-025
6.230664e-025
5.644387e-025
5.113277e-025
4.632142e-025
4.196279e-025
3.801429e-025
3.443732e-025
3.119693e-025
2.826145e-025
2.560218e-025
2.319313e-025
2.101077e-025
1.903375e-025
1.724277e-025
1.562030e-025
1.415050e-025
1.281901e-025
1.161280e-025
1.052009e-025
9.530199e-026
8.633452e-026
7.821084e-026
7.085157e-026
6.418477e-026
5.814528e-026
5.267409e-026
4.771770e-026
4.322769e-026
3.916017e-026
3.547538e-026
3.213731e-026
2.911334e-026
2.637391e-026
2.389225e-026
2.164410e-026
1.960749e-026
1.776252e-026
1.609115e-026
1.457705e-026
1.320542e-026
1.196285e-026
1.083720e-026
9.817471e-027
8.893693e-027
8.056838e-027
7.298728e-027
6.611952e-027
5.989798e-027
5.426186e-027
4.915607e-027
4.453072e-027
4.034059e-027
3.654473e-027
3.310604e-027
2.999092e-027
2.716891e-027
2.461244e-027
2.229653e-027
2.019853e-027
1.829794e-027
1.657619e-027
1.501645e-027
1.360347e-027
1.232345e-027
1.116387e-027
1.011340e-027
9.161779e-028
8.299699e-028
7.518736e-028
6.811258e-028
6.170351e-028
5.589750e-028
5.063780e-028
4.587302e-028
4.155659e-028
3.764631e-028
3.410397e-028
3.089494e-028
2.798787e-028
2.535435e-028
2.296862e-028
2.080738e-028
1.884950e-028
1.707585e-028
1.546910e-028
1.401353e-028
1.269492e-028
1.150039e-028
1.041826e-028
9.437946e-029
8.549880e-029
7.745376e-029
7.016572e-029
6.356346e-029
5.758244e-029
5.216420e-029
4.725579e-029
4.280924e-029
3.878109e-029
3.513198e-029
3.182622e-029
2.883152e-029
2.611861e-029
2.366097e-029
2.143459e-029
1.941769e-029
1.759058e-029
1.593539e-029
1.443594e-029
1.307759e-029
1.184705e-029
1.073230e-029
9.722438e-030
8.807602e-030
7.978848e-030
7.228076e-030
6.547948e-030
5.931816e-030
5.373660e-030
4.868024e-030
4.409966e-030
3.995009e-030
3.619097e-030
3.278557e-030
2.970060e-030
2.690592e-030
2.437419e-030
2.208070e-030
2.000301e-030
1.812082e-030
1.641573e-030
1.487109e-030
1.347179e-030
1.220416e-030
1.105580e-030
1.001550e-030
9.073093e-031
8.219357e-031
7.445954e-031
6.745325e-031
6.110621e-031
5.535641e-031
5.014763e-031
4.542897e-031
4.115432e-031
3.728189e-031
3.377384e-031
3.059588e-031
2.771695e-031
2.510892e-031
2.274628e-031
2.060597e-031
1.866704e-031
1.691056e-031
1.531936e-031
1.387788e-031
1.257203e-031
1.138906e-031
1.031741e-031
9.346586e-032
8.467116e-032
7.670401e-032
6.948652e-032
6.294816e-032
5.702504e-032
5.165925e-032
4.679835e-032
4.239485e-032
3.840569e-032
3.479190e-032
3.151814e-032
2.855243e-032
2.586578e-032
2.343193e-032
2.122710e-032
1.922973e-032
1.742030e-032
1.578113e-032
1.429620e-032
1.295100e-032
1.173237e-032
1.062841e-032
9.628324e-033
8.722344e-033
7.901612e-033
7.158108e-033
6.484563e-033
5.874396e-033
5.321643e-033
4.820901e-033
4.367277e-033
3.956337e-033
3.584064e-033
3.246821e-033
2.941310e-033
2.664546e-033
2.413825e-033
2.186696e-033
1.980938e-033
1.794541e-033
1.625683e-033
1.472714e-033
1.334138e-033
1.208602e-033
1.094878e-033
9.918554e-034
8.985265e-034
8.139794e-034
7.373877e-034
6.680030e-034
6.051470e-034
5.482055e-034
4.966220e-034
4.498922e-034
4.075594e-034
3.692100e-034
3.344691e-034
3.029971e-034
2.744865e-034
2.486586e-034
2.252610e-034
2.040650e-034
1.848634e-034
1.674686e-034
1.517106e-034
1.374354e-034
1.245034e-034
1.127882e-034
1.021753e-034
9.256111e-035
8.385154e-035
7.596151e-035
6.881389e-035
6.233882e-035
5.647303e-035
5.115918e-035
4.634534e-035
4.198446e-035
3.803392e-035
3.445511e-035
3.121305e-035
2.827604e-035
2.561540e-035
2.320511e-035
2.102162e-035
1.904358e-035
1.725167e-035
1.562837e-035
1.415781e-035
1.282563e-035
1.161880e-035
1.052552e-035
9.535122e-036
8.637911e-036
7.825124e-036
7.088817e-036
6.421792e-036
5.817532e-036
5.270129e-036
4.774235e-036
4.325002e-036
3.918039e-036
3.549370e-036
3.215391e-036
2.912838e-036
2.638754e-036
2.390459e-036
2.165528e-036
1.961762e-036
1.777170e-036
1.609946e-036
1.458458e-036
1.321224e-036
1.196903e-036
1.084280e-036
9.822542e-037
8.898287e-037
8.061000e-037
7.302498e-037
6.615367e-037
5.992892e-037
5.428989e-037
4.918147e-037
4.455372e-037
4.036142e-037
3.656360e-037
3.312314e-037
3.000641e-037
2.718295e-037
2.462516e-037
2.230805e-037
2.020896e-037
1.830739e-037
1.658475e-037
1.502421e-037
1.361050e-037
1.232982e-037
1.116964e-037
1.011863e-037
9.166512e-038
8.303986e-038
7.522620e-038
6.814777e-038
6.173538e-038
5.592637e-038
5.066396e-038
4.589672e-038
4.157805e-038
3.766575e-038
3.412158e-038
3.091090e-038
2.800233e-038
2.536744e-038
2.298049e-038
2.081813e-038
1.885924e-038
1.708468e-038
1.547709e-038
1.402077e-038
1.270148e-038
1.150633e-038
1.042364e-038
9.442821e-039
8.554296e-039
7.749377e-039
7.020197e-039
6.359629e-039
5.761218e-039
5.219114e-039
4.728020e-039
4.283136e-039
3.880113e-039
3.515012e-039
3.184266e-039
2.884642e-039
2.613210e-039
2.367320e-039
2.144566e-039
1.942772e-039
1.759967e-039
1.594362e-039
1.444340e-039
1.308434e-039
1.185317e-039
1.073784e-039
9.727460e-040
8.812152e-040
7.982969e-040
7.231809e-040
6.551330e-040
5.934881e-040
5.376436e-040
4.870539e-040
4.412244e-040
3.997072e-040
3.620967e-040
3.280251e-040
2.971594e-040
2.691981e-040
2.438679e-040
2.209210e-040
2.001334e-040
1.813018e-040
1.642421e-040
1.487877e-040
1.347875e-040
1.221046e-040
1.106152e-040
1.002068e-040
9.077780e-041
8.223603e-041
7.449801e-041
6.748809e-041
6.113778e-041
5.538500e-041
5.017353e-041
4.545244e-041
4.117558e-041
3.730115e-041
3.379129e-041
3.061168e-041
2.773127e-041
2.512189e-041
2.275803e-041
2.061661e-041
1.867668e-041
1.691929e-041
1.532727e-041
1.388504e-041
1.257853e-041
1.139495e-041
1.032274e-041
9.351414e-042
8.471490e-042
7.674363e-042
6.952241e-042
6.298068e-042
5.705449e-042
5.168593e-042
4.682253e-042
4.241675e-042
3.842553e-042
3.480987e-042
3.153442e-042
2.856718e-042
2.587914e-042
2.344404e-042
2.123806e-042
1.923966e-042
1.742930e-042
1.578928e-042
1.430359e-042
1.295769e-042
1.173843e-042
1.063390e-042
9.633298e-043
8.726850e-043
7.905694e-043
7.161805e-043
6.487913e-043
5.877431e-043
5.324392e-043
4.823392e-043
4.369533e-043
3.958381e-043
3.585916e-043
3.248498e-043
2.942829e-043
2.665923e-043
2.415072e-043
2.187825e-043
1.981961e-043
1.795468e-043
1.626523e-043
1.473475e-043
1.334827e-043
1.209226e-043
1.095444e-043
9.923678e-044
8.989906e-044
8.143998e-044
7.377686e-044
6.683481e-044
6.054596e-044
5.484887e-044
4.968785e-044
4.501246e-044
4.077700e-044
3.694007e-044
3.346418e-044
3.031536e-044
2.746283e-044
2.487870e-044
2.253774e-044
2.041704e-044
1.849589e-044
1.675552e-044
1.517890e-044
1.375064e-044
1.245677e-044
1.128464e-044
1.022281e-044
9.260892e-045
8.389486e-045
7.600075e-045
6.884943e-045
6.237102e-045
5.650220e-045
5.118561e-045
4.636928e-045
4.200615e-045
3.805357e-045
3.447291e-045
3.122917e-045
2.829065e-045
2.562863e-045
2.321710e-045
2.103248e-045
1.905342e-045
1.726058e-045
1.563644e-045
1.416513e-045
1.283226e-045
1.162480e-045
1.053096e-045
9.540047e-046
8.642373e-046
7.829167e-046
7.092479e-046
6.425110e-046
5.820537e-046
5.272852e-046
4.776701e-046
4.327236e-046
3.920063e-046
3.551204e-046
3.217052e-046
2.914343e-046
2.640117e-046
2.391694e-046
2.166647e-046
1.962776e-046
1.778088e-046
1.610778e-046
1.459211e-046
1.321906e-046
1.197521e-046
1.084840e-046
9.827616e-047
8.902884e-047
8.065164e-047
7.306270e-047
6.618784e-047
5.995988e-047
5.431793e-047
4.920687e-047
4.457673e-047
4.038227e-047
3.658249e-047
3.314025e-047
3.002191e-047
2.719699e-047
2.463788e-047
2.231957e-047
2.021940e-047
1.831685e-047
1.659332e-047
1.503197e-047
1.361753e-047
1.233618e-047
1.117541e-047
1.012385e-047
9.171247e-048
8.308275e-048
7.526506e-048
6.818297e-048
6.176727e-048
5.595526e-048
5.069013e-048
4.592043e-048
4.159953e-048
3.768521e-048
3.413921e-048
3.092687e-048
2.801680e-048
2.538055e-048
2.299236e-048
2.082888e-048
1.886898e-048
1.709350e-048
1.548508e-048
1.402801e-048
1.270804e-048
1.151227e-048
1.042902e-048
9.447699e-049
8.558715e-049
7.753380e-049
7.023823e-049
6.362914e-049
5.764194e-049
5.221810e-049
4.730463e-049
4.285348e-049
3.882117e-049
3.516828e-049
3.185911e-049
2.886132e-049
2.614560e-049
2.368542e-049
2.145674e-049
1.943776e-049
1.760876e-049
1.595185e-049
1.445086e-049
1.309110e-049
1.185929e-049
1.074339e-049
9.732485e-050
8.816704e-050
7.987093e-050
7.235545e-050
6.554714e-050
5.937946e-050
5.379213e-050
4.873055e-050
4.414523e-050
3.999137e-050
3.622837e-050
3.281945e-050
2.973129e-050
2.693372e-050
2.439938e-050
2.210352e-050
2.002368e-050
1.813954e-050
1.643270e-050
1.488646e-050
1.348571e-050
1.221677e-050
1.106723e-050
1.002585e-050
9.082469e-051
8.227851e-051
7.453649e-051
6.752295e-051
6.116936e-051
5.541361e-051
5.019945e-051
4.547592e-051
4.119685e-051
3.732042e-051
3.380874e-051
3.062750e-051
2.774559e-051
2.513486e-051
2.276979e-051
2.062726e-051
1.868633e-051
1.692803e-051
1.533519e-051
1.389222e-051
1.258502e-051
1.140083e-051
1.032807e-051
9.356245e-052
8.475866e-052
7.678327e-052
6.955832e-052
6.301321e-052
5.708396e-052
5.171263e-052
4.684671e-052
4.243866e-052
3.844538e-052
3.482785e-052
3.155071e-052
2.858194e-052
2.589251e-052
2.345615e-052
2.124903e-052
1.924960e-052
1.743830e-052
1.579744e-052
1.431098e-052
1.296438e-052
1.174449e-052
1.063939e-052
9.638274e-053
8.731358e-053
7.909778e-053
7.165505e-053
6.491264e-053
5.880467e-053
5.327142e-053
4.825883e-053
4.371790e-053
3.960425e-053
3.587768e-053
3.250176e-053
2.944349e-053
2.667300e-053
2.416320e-053
2.188955e-053
1.982985e-053
1.796395e-053
1.627363e-053
1.474236e-053
1.335517e-053
1.209851e-053
1.096010e-053
9.928804e-054
8.994550e-054
8.148205e-054
7.381497e-054
6.686933e-054
6.057724e-054
5.487721e-054
4.971352e-054
4.503571e-054
4.079806e-054
3.695915e-054
3.348147e-054
3.033102e-054
2.747701e-054
2.489156e-054
2.254938e-054
2.042759e-054
1.850545e-054
1.676417e-054
1.518674e-054
1.375774e-054
1.246320e-054
1.129047e-054
1.022809e-054
9.265676e-055
8.393820e-055
7.604001e-055
6.888500e-055
6.240324e-055
5.653139e-055
5.121205e-055
4.639324e-055
4.202785e-055
3.807323e-055
3.449072e-055
3.124530e-055
2.830526e-055
2.564187e-055
2.322909e-055
2.104334e-055
1.906326e-055
1.726950e-055
1.564452e-055
1.417244e-055
1.283888e-055
1.163081e-055
1.053640e-055
9.544975e-056
8.646838e-056
7.833211e-056
7.096142e-056
6.428429e-056
5.823544e-056
5.275576e-056
4.779169e-056
4.329471e-056
3.922088e-056
3.553038e-056
3.218714e-056
2.915848e-056
2.641480e-056
2.392930e-056
2.167766e-056
1.963789e-056
1.779006e-056
1.611610e-056
1.459965e-056
1.322589e-056
1.198140e-056
1.085400e-056
9.832693e-057
8.907483e-057
8.069330e-057
7.310044e-057
6.622203e-057
5.999085e-057
5.434599e-057
4.923229e-057
4.459976e-057
4.040313e-057
3.660139e-057
3.315737e-057
3.003742e-057
2.721104e-057
2.465060e-057
2.233110e-057
2.022985e-057
1.832631e-057
1.660189e-057
1.503973e-057
1.362456e-057
1.234256e-057
1.118118e-057
1.012908e-057
9.175984e-058
8.312567e-058
7.530394e-058
6.821819e-058
6.179918e-058
5.598416e-058
5.071632e-058
4.594415e-058
4.162102e-058
3.770468e-058
3.415684e-058
3.094285e-058
2.803127e-058
2.539366e-058
2.300423e-058
2.083964e-058
1.887873e-058
1.710233e-058
1.549308e-058
1.403525e-058
1.271460e-058
1.151822e-058
1.043441e-058
9.452579e-059
8.563136e-059
7.757385e-059
7.027452e-059
6.366201e-059
5.767172e-059
5.224508e-059
4.732906e-059
4.287562e-059
3.884122e-059
3.518645e-059
3.187557e-059
2.887623e-059
2.615911e-059
2.369766e-059
2.146782e-059
1.944780e-059
1.761785e-059
1.596009e-059
1.445832e-059
1.309786e-059
1.186542e-059
1.074894e-059
9.737512e-060
8.821258e-060
7.991219e-060
7.239283e-060
6.558100e-060
5.941014e-060
5.381992e-060
4.875572e-060
4.416803e-060
4.001203e-060
3.624709e-060
3.283640e-060
2.974665e-060
2.694763e-060
2.441199e-060
2.211493e-060
2.003402e-060
1.814891e-060
1.644119e-060
1.489415e-060
1.349268e-060
1.222308e-060
1.107295e-060
1.003103e-060
9.087160e-061
8.232101e-061
7.457499e-061
6.755783e-061
6.120096e-061
5.544224e-061
5.022538e-061
4.549941e-061
4.121813e-061
3.733969e-061
3.382620e-061
3.064332e-061
2.775992e-061
2.514785e-061
2.278155e-061
2.063791e-061
1.869598e-061
1.693678e-061
1.534311e-061
1.389939e-061
1.259153e-061
1.140672e-061
1.033340e-061
9.361078e-062
8.480245e-062
7.682293e-062
6.959426e-062
6.304576e-062
5.711345e-062
5.173934e-062
4.687091e-062
4.246058e-062
3.846524e-062
3.484584e-062
3.156701e-062
2.859670e-062
2.590589e-062
2.346826e-062
2.126001e-062
1.925954e-062
1.744731e-062
1.580560e-062
1.431837e-062
1.297108e-062
1.175056e-062
1.064489e-062
9.643253e-063
8.735868e-063
7.913864e-063
7.169206e-063
6.494617e-063
5.883504e-063
5.329894e-063
4.828376e-063
4.374049e-063
3.962471e-063
3.589621e-063
3.251855e-063
2.945870e-063
2.668678e-063
2.417568e-063
2.190086e-063
1.984009e-063
1.797323e-063
1.628203e-063
1.474997e-063
1.336207e-063
1.210476e-063
1.096576e-063
9.933933e-064
8.999196e-064
8.152414e-064
7.385310e-064
6.690387e-064
6.060853e-064
5.490555e-064
4.973920e-064
4.505897e-064
4.081913e-064
3.697825e-064
3.349877e-064
3.034669e-064
2.749121e-064
2.490441e-064
2.256103e-064
2.043814e-064
1.851501e-064
1.677283e-064
1.519459e-064
1.376485e-064
1.246964e-064
1.129630e-064
1.023338e-064
9.270463e-065
8.398156e-065
7.607928e-065
6.892058e-065
6.243548e-065
5.656059e-065
5.123851e-065
4.641720e-065
4.204956e-065
3.809289e-065
3.450853e-065
3.126144e-065
2.831989e-065
2.565512e-065
2.324109e-065
2.105421e-065
1.907311e-065
1.727842e-065
1.565260e-065
1.417977e-065
1.284552e-065
1.163681e-065
1.054184e-065
9.549906e-066
8.651304e-066
7.837257e-066
7.099808e-066
6.431749e-066
5.826552e-066
5.278301e-066
4.781637e-066
4.331708e-066
3.924114e-066
3.554874e-066
3.220377e-066
2.917354e-066
2.642845e-066
2.394166e-066
2.168886e-066
1.964804e-066
1.779925e-066
1.612442e-066
1.460719e-066
1.323272e-066
1.198759e-066
1.085961e-066
9.837772e-067
8.912084e-067
8.073499e-067
7.313820e-067
6.625624e-067
6.002184e-067
5.437406e-067
4.925772e-067
4.462280e-067
4.042400e-067
3.662029e-067
3.317450e-067
3.005293e-067
2.722509e-067
2.466334e-067
2.234263e-067
2.024030e-067
1.833578e-067
1.661047e-067
1.504750e-067
1.363160e-067
1.234893e-067
1.118696e-067
1.013432e-067
9.180724e-068
8.316861e-068
7.534283e-068
6.825343e-068
6.183110e-068
5.601308e-068
5.074251e-068
4.596788e-068
4.164252e-068
3.772415e-068
3.417449e-068
3.095883e-068
2.804575e-068
2.540677e-068
2.301612e-068
2.085041e-068
1.888848e-068
1.711116e-068
1.550108e-068
1.404250e-068
1.272117e-068
1.152417e-068
1.043980e-068
9.457462e-069
8.567559e-069
7.761392e-069
7.031082e-069
6.369490e-069
5.770151e-069
5.227207e-069
4.735351e-069
4.289777e-069
3.886129e-069
3.520462e-069
3.189203e-069
2.889114e-069
2.617262e-069
2.370990e-069
2.147891e-069
1.945784e-069
1.762695e-069
1.596834e-069
1.446579e-069
1.310463e-069
1.187155e-069
1.075449e-069
9.742542e-070
8.825815e-070
7.995347e-070
7.243022e-070
6.561488e-070
5.944083e-070
5.384772e-070
4.878090e-070
4.419085e-070
4.003270e-070
3.626581e-070
3.285337e-070
2.976202e-070
2.696155e-070
2.442460e-070
2.212636e-070
2.004437e-070
1.815829e-070
1.644968e-070
1.490184e-070
1.349965e-070
1.222939e-070
1.107867e-070
1.003622e-070
9.091854e-071
8.236354e-071
7.461351e-071
6.759273e-071
6.123257e-071
5.547087e-071
5.025133e-071
4.552291e-071
4.123942e-071
3.735898e-071
3.384368e-071
3.065915e-071
2.777426e-071
2.516084e-071
2.279332e-071
2.064858e-071
1.870564e-071
1.694553e-071
1.535103e-071
1.390657e-071
1.259803e-071
1.141261e-071
1.033874e-071
9.365914e-072
8.484625e-072
7.686262e-072
6.963020e-072
6.307833e-072
5.714295e-072
5.176607e-072
4.689513e-072
4.248251e-072
3.848511e-072
3.486384e-072
3.158332e-072
2.861147e-072
2.591927e-072
2.348039e-072
2.127099e-072
1.926949e-072
1.745632e-072
1.581377e-072
1.432576e-072
1.297778e-072
1.175663e-072
1.065039e-072
9.648234e-073
8.740380e-073
7.917952e-073
7.172909e-073
6.497972e-073
5.886544e-073
5.332647e-073
4.830870e-073
4.376308e-073
3.964518e-073
3.591475e-073
3.253534e-073
2.947392e-073
2.670056e-073
2.418817e-073
2.191217e-073
1.985034e-073
1.798252e-073
1.629045e-073
1.475759e-073
1.336897e-073
1.211101e-073
1.097142e-073
9.939064e-074
9.003845e-074
8.156625e-074
7.389125e-074
6.693843e-074
6.063984e-074
5.493391e-074
4.976489e-074
4.508225e-074
4.084022e-074
3.699735e-074
3.351607e-074
3.036236e-074
2.750541e-074
2.491728e-074
2.257268e-074
2.044870e-074
1.852457e-074
1.678149e-074
1.520243e-074
1.377196e-074
1.247608e-074
1.130214e-074
1.023866e-074
9.275251e-075
8.402494e-075
7.611858e-075
6.895618e-075
6.246773e-075
5.658981e-075
5.126497e-075
4.644118e-075
4.207128e-075
3.811257e-075
3.452636e-075
3.127759e-075
2.833451e-075
2.566837e-075
2.325310e-075
2.106509e-075
1.908296e-075
1.728735e-075
1.566069e-075
1.418709e-075
1.285215e-075
1.164282e-075
1.054729e-075
9.554839e-076
8.655773e-076
7.841306e-076
7.103475e-076
6.435072e-076
5.829562e-076
5.281027e-076
4.784107e-076
4.333945e-076
3.926141e-076
3.556710e-076
3.222040e-076
2.918861e-076
2.644210e-076
2.395402e-076
2.170006e-076
1.965819e-076
1.780844e-076
1.613275e-076
1.461474e-076
1.323956e-076
1.199378e-076
1.086522e-076
9.842854e-077
8.916687e-077
8.077669e-077
7.317598e-077
6.629047e-077
6.005284e-077
5.440215e-077
4.928316e-077
4.464585e-077
4.044489e-077
3.663921e-077
3.319163e-077
3.006846e-077
2.723916e-077
2.467608e-077
2.235418e-077
2.025075e-077
1.834525e-077
1.661905e-077
1.505527e-077
1.363864e-077
1.235531e-077
1.119273e-077
1.013955e-077
9.185467e-078
8.321157e-078
7.538175e-078
6.828868e-078
6.186304e-078
5.604202e-078
5.076873e-078
4.599163e-078
4.166403e-078
3.774364e-078
3.419214e-078
3.097482e-078
2.806024e-078
2.541990e-078
2.302801e-078
2.086118e-078
1.889824e-078
1.712000e-078
1.550909e-078
1.404976e-078
1.272774e-078
1.153012e-078
1.044519e-078
9.462348e-079
8.571985e-079
7.765401e-079
7.034714e-079
6.372780e-079
5.773131e-079
5.229907e-079
4.737797e-079
4.291993e-079
3.888136e-079
3.522281e-079
3.190851e-079
2.890607e-079
2.618614e-079
2.372215e-079
2.149000e-079
1.946790e-079
1.763606e-079
1.597659e-079
1.447327e-079
1.311140e-079
1.187768e-079
1.076004e-079
9.747575e-080
8.830374e-080
7.999477e-080
7.246764e-080
6.564877e-080
5.947153e-080
5.387554e-080
4.880610e-080
4.421368e-080
4.005338e-080
3.628454e-080
3.287034e-080
2.977739e-080
2.697548e-080
2.443721e-080
2.213779e-080
2.005472e-080
1.816767e-080
1.645818e-080
1.490954e-080
1.350662e-080
1.223571e-080
1.108439e-080
1.004140e-080
9.096551e-081
8.240608e-081
7.465206e-081
6.762765e-081
6.126420e-081
5.549953e-081
5.027728e-081
4.554643e-081
4.126072e-081
3.737828e-081
3.386116e-081
3.067498e-081
2.778861e-081
2.517383e-081
2.280509e-081
2.065924e-081
1.871530e-081
1.695428e-081
1.535896e-081
1.391376e-081
1.260454e-081
1.141851e-081
1.034408e-081
9.370752e-082
8.489008e-082
7.690232e-082
6.966617e-082
6.311091e-082
5.717247e-082
5.179281e-082
4.691935e-082
4.250446e-082
3.850499e-082
3.488185e-082
3.159963e-082
2.862625e-082
2.593266e-082
2.349252e-082
2.128198e-082
1.927945e-082
1.746534e-082
1.582193e-082
1.433316e-082
1.298448e-082
1.176270e-082
1.065589e-082
9.653218e-083
8.744895e-083
7.922042e-083
7.176615e-083
6.501329e-083
5.889584e-083
5.335402e-083
4.833366e-083
4.378569e-083
3.966566e-083
3.593331e-083
3.255215e-083
2.948915e-083
2.671436e-083
2.420066e-083
2.192349e-083
1.986059e-083
1.799181e-083
1.629886e-083
1.476521e-083
1.337588e-083
1.211727e-083
1.097709e-083
9.944198e-084
9.008496e-084
8.160839e-084
7.392942e-084
6.697301e-084
6.067116e-084
5.496229e-084
4.979060e-084
4.510554e-084
4.086132e-084
3.701646e-084
3.353338e-084
3.037805e-084
2.751962e-084
2.493015e-084
2.258434e-084
2.045926e-084
1.853414e-084
1.679016e-084
1.521029e-084
1.377907e-084
1.248252e-084
1.130798e-084
1.024395e-084
9.280043e-085
8.406834e-085
7.615790e-085
6.899180e-085
6.250000e-085
5.661904e-085
5.129145e-085
4.646517e-085
4.209301e-085
3.813226e-085
3.454419e-085
3.129375e-085
2.834915e-085
2.568163e-085
2.326511e-085
2.107597e-085
1.909282e-085
1.729628e-085
1.566878e-085
1.419442e-085
1.285879e-085
1.164884e-085
1.055274e-085
9.559774e-086
8.660244e-086
7.845356e-086
7.107145e-086
6.438396e-086
5.832573e-086
5.283755e-086
4.786579e-086
4.336184e-086
3.928169e-086
3.558547e-086
3.223705e-086
2.920369e-086
2.645576e-086
2.396640e-086
2.171127e-086
1.966834e-086
1.781764e-086
1.614109e-086
1.462229e-086
1.324640e-086
1.199997e-086
1.087083e-086
9.847938e-087
8.921293e-087
8.081842e-087
7.321378e-087
6.632471e-087
6.008386e-087
5.443025e-087
4.930862e-087
4.466891e-087
4.046578e-087
3.665814e-087
3.320878e-087
3.008399e-087
2.725323e-087
2.468883e-087
2.236572e-087
2.026121e-087
1.835473e-087
1.662763e-087
1.506305e-087
1.364569e-087
1.236169e-087
1.119852e-087
1.014479e-087
9.190211e-088
8.325456e-088
7.542069e-088
6.832396e-088
6.189499e-088
5.607097e-088
5.079495e-088
4.601538e-088
4.168555e-088
3.776314e-088
3.420980e-088
3.099082e-088
2.807473e-088
2.543303e-088
2.303990e-088
2.087195e-088
1.890800e-088
1.712885e-088
1.551710e-088
1.405702e-088
1.273432e-088
1.153608e-088
1.045059e-088
9.467235e-089
8.576413e-089
7.769413e-089
7.038347e-089
6.376072e-089
5.776113e-089
5.232608e-089
4.740244e-089
4.294210e-089
3.890145e-089
3.524100e-089
3.192499e-089
2.892100e-089
2.619967e-089
2.373440e-089
2.150111e-089
1.947795e-089
1.764517e-089
1.598484e-089
1.448074e-089
1.311817e-089
1.188381e-089
1.076560e-089
9.752610e-090
8.834935e-090
8.003609e-090
7.250507e-090
6.568268e-090
5.950225e-090
5.390337e-090
4.883131e-090
4.423652e-090
4.007407e-090
3.630329e-090
3.288732e-090
2.979277e-090
2.698941e-090
2.444984e-090
2.214922e-090
2.006508e-090
1.817705e-090
1.646668e-090
1.491724e-090
1.351360e-090
1.224203e-090
1.109011e-090
1.004659e-090
9.101250e-091
8.244865e-091
7.469062e-091
6.766258e-091
6.129585e-091
5.552820e-091
5.030325e-091
4.556995e-091
4.128203e-091
3.739759e-091
3.387865e-091
3.069083e-091
2.780297e-091
2.518684e-091
2.281687e-091
2.066991e-091
1.872497e-091
1.696304e-091
1.536690e-091
1.392094e-091
1.261105e-091
1.142441e-091
1.034942e-091
9.375592e-092
8.493393e-092
7.694205e-092
6.970216e-092
6.314351e-092
5.720200e-092
5.181956e-092
4.694359e-092
4.252642e-092
3.852488e-092
3.489987e-092
3.161595e-092
2.864104e-092
2.594605e-092
2.350465e-092
2.129297e-092
1.928941e-092
1.747436e-092
1.583011e-092
1.434057e-092
1.299119e-092
1.176878e-092
1.066139e-092
9.658204e-093
8.749413e-093
7.926134e-093
7.180322e-093
6.504687e-093
5.892627e-093
5.338158e-093
4.835862e-093
4.380830e-093
3.968615e-093
3.595187e-093
3.256897e-093
2.950438e-093
2.672816e-093
2.421316e-093
2.193482e-093
1.987085e-093
1.800110e-093
1.630728e-093
1.477284e-093
1.338279e-093
1.212353e-093
1.098276e-093
9.949335e-094
9.013149e-094
8.165054e-094
7.396761e-094
6.700760e-094
6.070250e-094
5.499068e-094
4.981632e-094
4.512884e-094
4.088242e-094
3.703558e-094
3.355070e-094
3.039374e-094
2.753383e-094
2.494303e-094
2.259601e-094
2.046983e-094
1.854371e-094
1.679884e-094
1.521814e-094
1.378619e-094
1.248897e-094
1.131382e-094
1.024924e-094
9.284836e-095
8.411177e-095
7.619724e-095
6.902744e-095
6.253228e-095
5.664829e-095
5.131795e-095
4.648917e-095
4.211476e-095
3.815196e-095
3.456204e-095
3.130991e-095
2.836380e-095
2.569489e-095
2.327713e-095
2.108686e-095
1.910268e-095
1.730521e-095
1.567687e-095
1.420175e-095
1.286543e-095
1.165486e-095
1.055819e-095
9.564713e-096
8.664718e-096
7.849409e-096
7.110816e-096
6.441722e-096
5.835586e-096
5.286485e-096
4.789051e-096
4.338424e-096
3.930199e-096
3.560385e-096
3.225370e-096
2.921878e-096
2.646943e-096
2.397878e-096
2.172249e-096
1.967850e-096
1.782685e-096
1.614942e-096
1.462984e-096
1.325324e-096
1.200617e-096
1.087645e-096
9.853025e-097
8.925902e-097
8.086016e-097
7.325160e-097
6.635897e-097
6.011490e-097
5.445837e-097
4.933409e-097
4.469199e-097
4.048668e-097
3.667707e-097
3.322593e-097
3.009953e-097
2.726730e-097
2.470158e-097
2.237728e-097
2.027168e-097
1.836421e-097
1.663622e-097
1.507083e-097
1.365274e-097
1.236808e-097
1.120430e-097
1.015003e-097
9.194959e-098
8.329756e-098
7.545965e-098
6.835925e-098
6.192697e-098
5.609993e-098
5.082119e-098
4.603915e-098
4.170709e-098
3.778264e-098
3.422747e-098
3.100683e-098
2.808923e-098
2.544617e-098
2.305180e-098
2.088274e-098
1.891777e-098
1.713770e-098
1.552512e-098
1.406428e-098
1.274089e-098
1.154204e-098
1.045598e-098
9.472126e-099
8.580843e-099
7.773426e-099
7.041983e-099
6.379366e-099
5.779097e-099
5.235311e-099
4.742693e-099
4.296428e-099
3.892154e-099
3.525921e-099
3.194148e-099
2.893594e-099
2.621320e-099
2.374666e-099
2.151221e-099
1.948801e-099
1.765428e-099
1.599310e-099
1.448822e-099
1.312495e-099
1.188995e-099
1.077116e-099
9.757648e-100
8.839499e-100
8.007743e-100
7.254252e-100
6.571661e-100
5.953299e-100
5.393121e-100
4.885654e-100
4.425937e-100
4.009477e-100
3.632204e-100
3.290430e-100
2.980816e-100
2.700336e-100
2.446247e-100
2.216066e-100
2.007545e-100
1.818644e-100
1.647518e-100
1.492495e-100
1.352058e-100
1.224836e-100
1.109584e-100
1.005178e-100
9.105951e-101
8.249124e-101
7.472920e-101
6.769753e-101
6.132751e-101
5.555688e-101
5.032924e-101
4.559349e-101
4.130336e-101
3.741691e-101
3.389615e-101
3.070668e-101
2.781733e-101
2.519985e-101
2.282866e-101
2.068059e-101
1.873464e-101
1.697180e-101
1.537483e-101
1.392813e-101
1.261756e-101
1.143031e-101
1.035477e-101
9.380435e-102
8.497780e-102
7.698179e-102
6.973817e-102
6.317613e-102
5.723155e-102
5.184633e-102
4.696784e-102
4.254838e-102
3.854478e-102
3.491790e-102
3.163229e-102
2.865584e-102
2.595946e-102
2.351679e-102
2.130397e-102
1.929937e-102
1.748339e-102
1.583828e-102
1.434798e-102
1.299790e-102
1.177486e-102
1.066690e-102
9.663193e-103
8.753932e-103
7.930228e-103
7.184031e-103
6.508047e-103
5.895671e-103
5.340916e-103
4.838360e-103
4.383093e-103
3.970665e-103
3.597044e-103
3.258579e-103
2.951962e-103
2.674196e-103
2.422567e-103
2.194615e-103
1.988112e-103
1.801040e-103
1.631570e-103
1.478047e-103
1.338970e-103
1.212979e-103
1.098843e-103
9.954475e-104
9.017805e-104
8.169272e-104
7.400582e-104
6.704222e-104
6.073386e-104
5.501909e-104
4.984205e-104
4.515215e-104
4.090354e-104
3.705471e-104
3.356804e-104
3.040944e-104
2.754806e-104
2.495591e-104
2.260768e-104
2.048040e-104
1.855329e-104
1.680751e-104
1.522601e-104
1.379331e-104
1.249542e-104
1.131966e-104
1.025454e-104
9.289632e-105
8.415522e-105
7.623660e-105
6.906310e-105
6.256458e-105
5.667755e-105
5.134446e-105
4.651319e-105
4.213651e-105
3.817166e-105
3.457989e-105
3.132608e-105
2.837845e-105
2.570817e-105
2.328915e-105
2.109775e-105
1.911255e-105
1.731415e-105
1.568497e-105
1.420909e-105
1.287208e-105
1.166088e-105
1.056364e-105
9.569653e-106
8.669194e-106
7.853463e-106
7.114489e-106
6.445049e-106
5.838600e-106
5.289215e-106
4.791525e-106
4.340665e-106
3.932229e-106
3.562224e-106
3.227036e-106
2.923387e-106
2.648310e-106
2.399116e-106
2.173371e-106
1.968867e-106
1.783606e-106
1.615777e-106
1.463740e-106
1.326009e-106
1.201237e-106
1.088207e-106
9.858115e-107
8.930513e-107
8.090193e-107
7.328944e-107
6.639325e-107
6.014595e-107
5.448650e-107
4.935958e-107
4.471507e-107
4.050759e-107
3.669602e-107
3.324310e-107
3.011508e-107
2.728139e-107
2.471434e-107
2.238883e-107
2.028215e-107
1.837370e-107
1.664482e-107
1.507862e-107
1.365979e-107
1.237447e-107
1.121009e-107
1.015527e-107
9.199708e-108
8.334059e-108
7.549863e-108
6.839456e-108
6.195896e-108
5.612891e-108
5.084744e-108
4.606294e-108
4.172863e-108
3.780216e-108
3.424516e-108
3.102285e-108
2.810374e-108
2.545931e-108
2.306371e-108
2.089352e-108
1.892754e-108
1.714655e-108
1.553314e-108
1.407154e-108
1.274748e-108
1.154800e-108
1.046139e-108
9.477019e-109
8.585276e-109
7.777442e-109
7.045621e-109
6.382661e-109
5.782082e-109
5.238016e-109
4.745143e-109
4.298647e-109
3.894165e-109
3.527742e-109
3.195798e-109
2.895088e-109
2.622674e-109
2.375893e-109
2.152332e-109
1.949808e-109
1.766340e-109
1.600136e-109
1.449571e-109
1.313173e-109
1.189609e-109
1.077673e-109
9.762688e-110
8.844065e-110
8.011880e-110
7.258000e-110
6.575056e-110
5.956374e-110
5.395907e-110
4.888178e-110
4.428223e-110
4.011548e-110
3.634080e-110
3.292130e-110
2.982356e-110
2.701730e-110
2.447510e-110
2.217211e-110
2.008582e-110
1.819584e-110
1.648369e-110
1.493266e-110
1.352756e-110
1.225468e-110
1.110157e-110
1.005697e-110
9.110655e-111
8.253385e-111
7.476780e-111
6.773250e-111
6.135919e-111
5.558558e-111
5.035524e-111
4.561705e-111
4.132470e-111
3.743624e-111
3.391366e-111
3.072254e-111
2.783170e-111
2.521286e-111
2.284045e-111
2.069127e-111
1.874432e-111
1.698057e-111
1.538278e-111
1.393533e-111
1.262408e-111
1.143621e-111
1.036012e-111
9.385281e-112
8.502170e-112
7.702156e-112
6.977419e-112
6.320876e-112
5.726112e-112
5.187311e-112
4.699210e-112
4.257036e-112
3.856469e-112
3.493593e-112
3.164863e-112
2.867064e-112
2.597287e-112
2.352894e-112
2.131498e-112
1.930934e-112
1.749242e-112
1.584647e-112
1.435539e-112
1.300461e-112
1.178094e-112
1.067241e-112
9.668185e-113
8.758454e-113
7.934325e-113
7.187742e-113
6.511409e-113
5.898716e-113
5.343674e-113
4.840860e-113
4.385358e-113
3.972716e-113
3.598902e-113
3.260262e-113
2.953487e-113
2.675578e-113
2.423818e-113
2.195748e-113
1.989139e-113
1.801970e-113
1.632413e-113
1.478811e-113
1.339662e-113
1.213606e-113
1.099411e-113
9.959617e-114
9.022463e-114
8.173492e-114
7.404405e-114
6.707685e-114
6.076523e-114
5.504751e-114
4.986780e-114
4.517547e-114
4.092467e-114
3.707385e-114
3.358538e-114
3.042515e-114
2.756229e-114
2.496880e-114
2.261936e-114
2.049098e-114
1.856288e-114
1.681620e-114
1.523387e-114
1.380044e-114
1.250188e-114
1.132551e-114
1.025983e-114
9.294431e-115
8.419869e-115
7.627598e-115
6.909877e-115
6.259690e-115
5.670683e-115
5.137098e-115
4.653721e-115
4.215828e-115
3.819138e-115
3.459775e-115
3.134227e-115
2.839311e-115
2.572145e-115
2.330118e-115
2.110865e-115
1.912242e-115
1.732309e-115
1.569307e-115
1.421643e-115
1.287873e-115
1.166690e-115
1.056910e-115
9.574597e-116
8.673672e-116
7.857520e-116
7.118164e-116
6.448378e-116
5.841616e-116
5.291948e-116
4.794000e-116
4.342907e-116
3.934260e-116
3.564065e-116
3.228703e-116
2.924897e-116
2.649678e-116
2.400356e-116
2.174493e-116
1.969884e-116
1.784527e-116
1.616611e-116
1.464496e-116
1.326694e-116
1.201858e-116
1.088769e-116
9.863207e-117
8.935126e-117
8.094372e-117
7.332730e-117
6.642754e-117
6.017702e-117
5.451465e-117
4.938507e-117
4.473817e-117
4.052852e-117
3.671498e-117
3.326027e-117
3.013063e-117
2.729548e-117
2.472710e-117
2.240040e-117
2.029263e-117
1.838319e-117
1.665341e-117
1.508641e-117
1.366685e-117
1.238086e-117
1.121588e-117
1.016052e-117
9.204461e-118
8.338364e-118
7.553763e-118
6.842989e-118
6.199096e-118
5.615790e-118
5.087371e-118
4.608673e-118
4.175019e-118
3.782169e-118
3.426284e-118
3.103887e-118
2.811826e-118
2.547246e-118
2.307562e-118
2.090432e-118
1.893732e-118
1.715540e-118
1.554116e-118
1.407881e-118
1.275406e-118
1.155396e-118
1.046679e-118
9.481914e-119
8.589711e-119
7.781459e-119
7.049260e-119
6.385958e-119
5.785069e-119
5.240721e-119
4.747594e-119
4.300868e-119
3.896176e-119
3.529564e-119
3.197449e-119
2.896584e-119
2.624029e-119
2.377120e-119
2.153444e-119
1.950815e-119
1.767253e-119
1.600962e-119
1.450319e-119
1.313851e-119
1.190224e-119
1.078229e-119
9.767731e-120
8.848633e-120
8.016019e-120
7.261749e-120
6.578452e-120
5.959451e-120
5.398694e-120
4.890703e-120
4.430510e-120
4.013620e-120
3.635957e-120
3.293831e-120
2.983897e-120
2.703126e-120
2.448775e-120
2.218356e-120
2.009619e-120
1.820524e-120
1.649221e-120
1.494037e-120
1.353455e-120
1.226101e-120
1.110731e-120
1.006216e-120
9.115361e-121
8.257648e-121
7.480642e-121
6.776749e-121
6.139089e-121
5.561429e-121
5.038125e-121
4.564061e-121
4.134604e-121
3.745557e-121
3.393118e-121
3.073841e-121
2.784607e-121
2.522589e-121
2.285225e-121
2.070196e-121
1.875400e-121
1.698934e-121
1.539072e-121
1.394253e-121
1.263060e-121
1.144212e-121
1.036547e-121
9.390129e-122
8.506562e-122
7.706134e-122
6.981023e-122
6.324142e-122
5.729070e-122
5.189991e-122
4.701637e-122
4.259235e-122
3.858461e-122
3.495398e-122
3.166497e-122
2.868545e-122
2.598628e-122
2.354110e-122
2.132599e-122
1.931931e-122
1.750146e-122
1.585465e-122
1.436280e-122
1.301133e-122
1.178703e-122
1.067792e-122
9.673179e-123
8.762978e-123
7.938423e-123
7.191455e-123
6.514773e-123
5.901763e-123
5.346435e-123
4.843360e-123
4.387623e-123
3.974768e-123
3.600761e-123
3.261946e-123
2.955013e-123
2.676960e-123
2.425070e-123
2.196883e-123
1.990166e-123
1.802901e-123
1.633256e-123
1.479575e-123
1.340354e-123
1.214233e-123
1.099979e-123
9.964761e-124
9.027124e-124
8.177714e-124
7.408230e-124
6.711150e-124
6.079662e-124
5.507594e-124
4.989356e-124
4.519881e-124
4.094581e-124
3.709300e-124
3.360272e-124
3.044087e-124
2.757652e-124
2.498170e-124
2.263104e-124
2.050157e-124
1.857246e-124
1.682488e-124
1.524174e-124
1.380756e-124
1.250834e-124
1.133136e-124
1.026513e-124
9.299232e-125
8.424218e-125
7.631539e-125
6.913447e-125
6.262924e-125
5.673612e-125
5.139752e-125
4.656125e-125
4.218006e-125
3.821111e-125
3.461562e-125
3.135846e-125
2.840777e-125
2.573473e-125
2.331322e-125
2.111955e-125
1.913230e-125
1.733204e-125
1.570118e-125
1.422377e-125
1.288538e-125
1.167293e-125
1.057456e-125
9.579542e-126
8.678152e-126
7.861579e-126
7.121841e-126
6.451709e-126
5.844634e-126
5.294681e-126
4.796476e-126
4.345151e-126
3.936292e-126
3.565906e-126
3.230371e-126
2.926408e-126
2.651047e-126
2.401596e-126
2.175617e-126
1.970901e-126
1.785449e-126
1.617446e-126
1.465252e-126
1.327379e-126
1.202479e-126
1.089331e-126
9.868302e-127
8.939741e-127
8.098554e-127
7.336518e-127
6.646186e-127
6.020811e-127
5.454281e-127
4.941058e-127
4.476128e-127
4.054945e-127
3.673394e-127
3.327745e-127
3.014620e-127
2.730958e-127
2.473988e-127
2.241197e-127
2.030311e-127
1.839268e-127
1.666202e-127
1.509420e-127
1.367391e-127
1.238726e-127
1.122167e-127
1.016577e-127
9.209215e-128
8.342671e-128
7.557665e-128
6.846524e-128
6.202298e-128
5.618691e-128
5.089999e-128
4.611054e-128
4.177175e-128
3.784123e-128
3.428054e-128
3.105491e-128
2.813278e-128
2.548562e-128
2.308754e-128
2.091511e-128
1.894710e-128
1.716427e-128
1.554919e-128
1.408608e-128
1.276065e-128
1.155993e-128
1.047220e-128
9.486812e-129
8.594148e-129
7.785479e-129
7.052902e-129
6.389257e-129
5.788058e-129
5.243428e-129
4.750046e-129
4.303089e-129
3.898189e-129
3.531388e-129
3.199101e-129
2.898080e-129
2.625384e-129
2.378348e-129
2.154557e-129
1.951823e-129
1.768166e-129
1.601789e-129
1.451069e-129
1.314530e-129
1.190839e-129
1.078786e-129
9.772777e-130
8.853204e-130
8.020159e-130
7.265500e-130
6.581850e-130
5.962529e-130
5.401483e-130
4.893229e-130
4.432799e-130
4.015693e-130
3.637835e-130
3.295532e-130
2.985438e-130
2.704522e-130
2.450039e-130
2.219502e-130
2.010658e-130
1.821464e-130
1.650073e-130
1.494809e-130
1.354154e-130
1.226735e-130
1.111305e-130
1.006736e-130
9.120070e-131
8.261914e-131
7.484507e-131
6.780250e-131
6.142260e-131
5.564302e-131
5.040727e-131
4.566419e-131
4.136740e-131
3.747492e-131
3.394871e-131
3.075429e-131
2.786046e-131
2.523892e-131
2.286406e-131
2.071266e-131
1.876369e-131
1.699812e-131
1.539867e-131
1.394973e-131
1.263713e-131
1.144803e-131
1.037083e-131
9.394979e-132
8.510956e-132
7.710115e-132
6.984629e-132
6.327408e-132
5.732029e-132
5.192672e-132
4.704066e-132
4.261435e-132
3.860454e-132
3.497204e-132
3.168133e-132
2.870027e-132
2.599971e-132
2.355326e-132
2.133700e-132
1.932929e-132
1.751050e-132
1.586284e-132
1.437022e-132
1.301805e-132
1.179311e-132
1.068344e-132
9.678176e-133
8.767505e-133
7.942524e-133
7.195170e-133
6.518138e-133
5.904812e-133
5.349197e-133
4.845862e-133
4.389889e-133
3.976821e-133
3.602621e-133
3.263631e-133
2.956539e-133
2.678342e-133
2.426323e-133
2.198017e-133
1.991194e-133
1.803832e-133
1.634100e-133
1.480339e-133
1.341046e-133
1.214860e-133
1.100547e-133
9.969909e-134
9.031787e-134
8.181938e-134
7.412056e-134
6.714617e-134
6.082803e-134
5.510439e-134
4.991933e-134
4.522215e-134
4.096696e-134
3.711216e-134
3.362008e-134
3.045659e-134
2.759077e-134
2.499461e-134
2.264273e-134
2.051215e-134
1.858206e-134
1.683357e-134
1.524961e-134
1.381469e-134
1.251480e-134
1.133721e-134
1.027043e-134
9.304033e-135
8.428567e-135
7.635478e-135
6.917015e-135
6.266155e-135
5.676539e-135
5.142403e-135
4.658526e-135
4.220179e-135
3.823079e-135
3.463344e-135
3.137459e-135
2.842237e-135
2.574795e-135
2.332517e-135
2.113036e-135
1.914207e-135
1.734087e-135
1.570915e-135
1.423097e-135
1.289187e-135
1.167877e-135
1.057982e-135
9.584269e-136
8.682390e-136
7.865369e-136
7.125221e-136
6.454712e-136
5.847289e-136
5.297014e-136
4.798511e-136
4.346905e-136
3.937785e-136
3.567151e-136
3.231381e-136
2.927193e-136
2.651614e-136
2.401950e-136
2.175763e-136
1.970840e-136
1.785180e-136
1.616967e-136
1.464557e-136
1.326462e-136
1.201331e-136
1.087941e-136
9.851843e-137
8.920563e-137
8.076470e-137
7.311312e-137
6.617611e-137
5.988589e-137
5.418096e-137
4.900558e-137
4.430915e-137
4.004579e-137
3.617381e-137
3.265538e-137
2.945611e-137
2.654474e-137
2.389280e-137
2.147438e-137
1.926584e-137
1.724559e-137
1.539390e-137
1.369266e-137
1.212525e-137
1.067634e-137
9.331781e-138
8.078426e-138
6.904025e-138
5.797102e-138
4.746837e-138
3.742966e-138
2.775677e-138
1.835516e-138
9.132951e-139
