0.000312
0.000625
0.000937
0.001250
0.001562
0.001875
0.002188
0.002500
0.002812
0.003125
0.003437
0.003750
0.004062
0.004375
0.004687
0.005000
0.005313
0.005625
0.005937
0.006250
0.006562
0.006875
0.007187
0.007500
0.007813
0.008125
0.008437
0.008750
0.009062
0.009375
0.009688
0.010000
0.010312
0.010625
0.010937
0.011250
0.011563
0.011875
0.012187
0.012500
0.012812
0.013125
0.013437
0.013750
0.014062
0.014375
0.014687
0.015000
0.015312
0.015625
0.015937
0.016250
0.016562
0.016875
0.017188
0.017500
0.017812
0.018125
0.018437
0.018750
0.019063
0.019375
0.019687
0.020000
0.020312
0.020625
0.020937
0.021250
0.021562
0.021875
0.022187
0.022500
0.022812
0.023125
0.023438
0.023750
0.024062
0.024375
0.024687
0.025000
0.025313
0.025625
0.025937
0.026250
0.026562
0.026875
0.027188
0.027500
0.027812
0.028125
0.028437
0.028750
0.029063
0.029375
0.029687
0.030000
0.030312
0.030625
0.030937
0.031250
0.031562
0.031875
0.032187
0.032500
0.032812
0.033125
0.033437
0.033750
0.034063
0.034375
0.034688
0.035000
0.035312
0.035625
0.035937
0.036250
0.036562
0.036875
0.037187
0.037500
0.037812
0.038125
0.038438
0.038750
0.039063
0.039375
0.039687
0.040000
0.040312
0.040625
0.040937
0.041250
0.041562
0.041875
0.042188
0.042500
0.042813
0.043125
0.043437
0.043750
0.044062
0.044375
0.044687
0.045000
0.045312
0.045625
0.045937
0.046250
0.046563
0.046875
0.047187
0.047500
0.047812
0.048125
0.048437
0.048750
0.049062
0.049375
0.049687
0.050000
0.050313
0.050625
0.050937
0.051250
0.051562
0.051875
0.052187
0.052500
0.052812
0.053125
0.053437
0.053750
0.054063
0.054375
0.054688
0.055000
0.055312
0.055625
0.055937
0.056250
0.056562
0.056875
0.057187
0.057500
0.057812
0.058125
0.058438
0.058750
0.059062
0.059375
0.059687
0.060000
0.060312
0.060625
0.060937
0.061250
0.061562
0.061875
0.062188
0.062500
0.062812
0.063125
0.063437
0.063750
0.064062
0.064375
0.064687
0.065000
0.065312
0.065625
0.065937
0.066250
0.066562
0.066875
0.067187
0.067500
0.067812
0.068125
0.068438
0.068750
0.069063
0.069375
0.069688
0.070000
0.070313
0.070625
0.070937
0.071250
0.071562
0.071875
0.072187
0.072500
0.072812
0.073125
0.073437
0.073750
0.074062
0.074375
0.074687
0.075000
0.075312
0.075625
0.075937
0.076250
0.076563
0.076875
0.077188
0.077500
0.077813
0.078125
0.078437
0.078750
0.079062
0.079375
0.079687
0.080000
0.080312
0.080625
0.080937
0.081250
0.081562
0.081875
0.082187
0.082500
0.082812
0.083125
0.083437
0.083750
0.084063
0.084375
0.084688
0.085000
0.085313
0.085625
0.085938
0.086250
0.086562
0.086875
0.087187
0.087500
0.087812
0.088125
0.088437
0.088750
0.089062
0.089375
0.089687
0.090000
0.090312
0.090625
0.090937
0.091250
0.091562
0.091875
0.092188
0.092500
0.092813
0.093125
0.093438
0.093750
0.094062
0.094375
0.094687
0.095000
0.095312
0.095625
0.095937
0.096250
0.096562
0.096875
0.097187
0.097500
0.097812
0.098125
0.098437
0.098750
0.099062
0.099375
0.099687
0.100000
0.100313
0.100625
0.100938
0.101250
0.101563
0.101875
0.102187
0.102500
0.102812
0.103125
0.103437
0.103750
0.104062
0.104375
0.104687
0.105000
0.105312
0.105625
0.105937
0.106250
0.106562
0.106875
0.107187
0.107500
0.107812
0.108125
0.108438
0.108750
0.109063
0.109375
0.109687
0.110000
0.110312
0.110625
0.110937
0.111250
0.111562
0.111875
0.112187
0.112500
0.112812
0.113125
0.113437
0.113750
0.114062
0.114375
0.114687
0.115000
0.115312
0.115625
0.115937
0.116250
0.116563
0.116875
0.117188
0.117500
0.117812
0.118125
0.118437
0.118750
0.119062
0.119375
0.119687
0.120000
0.120312
0.120625
0.120937
0.121250
0.121562
0.121875
0.122187
0.122500
0.122812
0.123125
0.123437
0.123750
0.124063
0.124375
0.124688
0.125000
0.125312
0.125625
0.125937
0.126250
0.126562
0.126875
0.127187
0.127500
0.127812
0.128125
0.128438
0.128750
0.129063
0.129375
0.129688
0.130000
0.130313
0.130625
0.130938
0.131250
0.131563
0.131875
0.132188
0.132500
0.132813
0.133125
0.133437
0.133750
0.134062
0.134375
0.134687
0.135000
0.135312
0.135625
0.135937
0.136250
0.136562
0.136875
0.137187
0.137500
0.137812
0.138125
0.138437
0.138750
0.139062
0.139375
0.139687
0.140000
0.140312
0.140625
0.140937
0.141250
0.141562
0.141875
0.142187
0.142500
0.142812
0.143125
0.143437
0.143750
0.144063
0.144375
0.144688
0.145000
0.145313
0.145625
0.145938
0.146250
0.146563
0.146875
0.147188
0.147500
0.147813
0.148125
0.148438
0.148750
0.149062
0.149375
0.149687
0.150000
0.150312
0.150625
0.150937
0.151250
0.151562
0.151875
0.152187
0.152500
0.152812
0.153125
0.153437
0.153750
0.154062
0.154375
0.154687
0.155000
0.155312
0.155625
0.155937
0.156250
0.156562
0.156875
0.157187
0.157500
0.157812
0.158125
0.158437
0.158750
0.159062
0.159375
0.159687
0.160000
0.160313
0.160625
0.160938
0.161250
0.161563
0.161875
0.162188
0.162500
0.162813
0.163125
0.163438
0.163750
0.164063
0.164375
0.164687
0.165000
0.165312
0.165625
0.165937
0.166250
0.166562
0.166875
0.167187
0.167500
0.167812
0.168125
0.168437
0.168750
0.169062
0.169375
0.169687
0.170000
0.170312
0.170625
0.170937
0.171250
0.171562
0.171875
0.172187
0.172500
0.172812
0.173125
0.173437
0.173750
0.174062
0.174375
0.174687
0.175000
0.175312
0.175625
0.175937
0.176250
0.176563
0.176875
0.177188
0.177500
0.177813
0.178125
0.178438
0.178750
0.179063
0.179375
0.179688
0.180000
0.180312
0.180625
0.180937
0.181250
0.181562
0.181875
0.182187
0.182500
0.182812
0.183125
0.183437
0.183750
0.184062
0.184375
0.184687
0.185000
0.185312
0.185625
0.185937
0.186250
0.186562
0.186875
0.187187
0.187500
0.187812
0.188125
0.188437
0.188750
0.189062
0.189375
0.189687
0.190000
0.190312
0.190625
0.190937
0.191250
0.191562
0.191875
0.192188
0.192500
0.192813
0.193125
0.193438
0.193750
0.194063
0.194375
0.194688
0.195000
0.195313
0.195625
0.195937
0.196250
0.196562
0.196875
0.197187
0.197500
0.197812
0.198125
0.198437
0.198750
0.199062
0.199375
0.199687
0.200000
0.200312
0.200625
0.200937
0.201250
0.201562
0.201875
0.202187
0.202500
0.202812
0.203125
0.203437
0.203750
0.204062
0.204375
0.204687
0.205000
0.205312
0.205625
0.205937
0.206250
0.206562
0.206875
0.207187
0.207500
0.207812
0.208125
0.208438
0.208750
0.209063
0.209375
0.209688
0.210000
0.210313
0.210625
0.210938
0.211250
0.211562
0.211875
0.212187
0.212500
0.212812
0.213125
0.213437
0.213750
0.214062
0.214375
0.214687
0.215000
0.215312
0.215625
0.215937
0.216250
0.216562
0.216875
0.217187
0.217500
0.217812
0.218125
0.218437
0.218750
0.219062
0.219375
0.219687
0.220000
0.220312
0.220625
0.220937
0.221250
0.221562
0.221875
0.222187
0.222500
0.222812
0.223125
0.223437
0.223750
0.224063
0.224375
0.224688
0.225000
0.225313
0.225625
0.225938
0.226250
0.226563
0.226875
0.227187
0.227500
0.227812
0.228125
0.228437
0.228750
0.229062
0.229375
0.229687
0.230000
0.230312
0.230625
0.230937
0.231250
0.231562
0.231875
0.232187
0.232500
0.232812
0.233125
0.233437
0.233750
0.234062
0.234375
0.234687
0.235000
0.235312
0.235625
0.235937
0.236250
0.236562
0.236875
0.237187
0.237500
0.237812
0.238125
0.238437
0.238750
0.239062
0.239375
0.239687
0.240000
0.240313
0.240625
0.240938
0.241250
0.241563
0.241875
0.242188
0.242500
0.242812
0.243125
0.243437
0.243750
0.244062
0.244375
0.244687
0.245000
0.245312
0.245625
0.245937
0.246250
0.246562
0.246875
0.247187
0.247500
0.247812
0.248125
0.248437
0.248750
0.249062
0.249375
0.249687
0.250000
0.250313
0.250625
0.250937
0.251250
0.251563
0.251875
0.252187
0.252500
0.252813
0.253125
0.253437
0.253750
0.254063
0.254375
0.254687
0.255000
0.255313
0.255625
0.255937
0.256250
0.256563
0.256875
0.257187
0.257500
0.257813
0.258125
0.258437
0.258750
0.259062
0.259375
0.259687
0.260000
0.260312
0.260625
0.260937
0.261250
0.261562
0.261875
0.262187
0.262500
0.262812
0.263125
0.263437
0.263750
0.264062
0.264375
0.264688
0.265000
0.265312
0.265625
0.265938
0.266250
0.266562
0.266875
0.267188
0.267500
0.267812
0.268125
0.268438
0.268750
0.269062
0.269375
0.269688
0.270000
0.270312
0.270625
0.270938
0.271250
0.271562
0.271875
0.272188
0.272500
0.272812
0.273125
0.273438
0.273750
0.274062
0.274375
0.274687
0.275000
0.275312
0.275625
0.275937
0.276250
0.276562
0.276875
0.277187
0.277500
0.277812
0.278125
0.278437
0.278750
0.279062
0.279375
0.279687
0.280000
0.280313
0.280625
0.280937
0.281250
0.281563
0.281875
0.282187
0.282500
0.282813
0.283125
0.283437
0.283750
0.284063
0.284375
0.284687
0.285000
0.285313
0.285625
0.285937
0.286250
0.286563
0.286875
0.287187
0.287500
0.287813
0.288125
0.288437
0.288750
0.289063
0.289375
0.289687
0.290000
0.290312
0.290625
0.290937
0.291250
0.291562
0.291875
0.292187
0.292500
0.292812
0.293125
0.293437
0.293750
0.294062
0.294375
0.294687
0.295000
0.295312
0.295625
0.295937
0.296250
0.296562
0.296875
0.297188
0.297500
0.297812
0.298125
0.298438
0.298750
0.299062
0.299375
0.299688
0.300000
0.300312
0.300625
0.300938
0.301250
0.301562
0.301875
0.302188
0.302500
0.302812
0.303125
0.303438
0.303750
0.304062
0.304375
0.304688
0.305000
0.305312
0.305625
0.305937
0.306250
0.306562
0.306875
0.307187
0.307500
0.307812
0.308125
0.308437
0.308750
0.309062
0.309375
0.309687
0.310000
0.310312
0.310625
0.310937
0.311250
0.311562
0.311875
0.312187
0.312500
0.312813
0.313125
0.313437
0.313750
0.314063
0.314375
0.314687
0.315000
0.315313
0.315625
0.315937
0.316250
0.316563
0.316875
0.317187
0.317500
0.317813
0.318125
0.318437
0.318750
0.319063
0.319375
0.319687
0.320000
0.320313
0.320625
0.320937
0.321250
0.321562
0.321875
0.322187
0.322500
0.322812
0.323125
0.323437
0.323750
0.324062
0.324375
0.324687
0.325000
0.325312
0.325625
0.325937
0.326250
0.326562
0.326875
0.327187
0.327500
0.327812
0.328125
0.328438
0.328750
0.329062
0.329375
0.329688
0.330000
0.330312
0.330625
0.330938
0.331250
0.331562
0.331875
0.332188
0.332500
0.332812
0.333125
0.333438
0.333750
0.334062
0.334375
0.334688
0.335000
0.335312
0.335625
0.335938
0.336250
0.336562
0.336875
0.337187
0.337500
0.337812
0.338125
0.338437
0.338750
0.339062
0.339375
0.339687
0.340000
0.340312
0.340625
0.340937
0.341250
0.341562
0.341875
0.342187
0.342500
0.342812
0.343125
0.343437
0.343750
0.344063
0.344375
0.344687
0.345000
0.345313
0.345625
0.345937
0.346250
0.346563
0.346875
0.347187
0.347500
0.347813
0.348125
0.348437
0.348750
0.349063
0.349375
0.349687
0.350000
0.350313
0.350625
0.350937
0.351250
0.351563
0.351875
0.352187
0.352500
0.352812
0.353125
0.353437
0.353750
0.354062
0.354375
0.354687
0.355000
0.355312
0.355625
0.355937
0.356250
0.356562
0.356875
0.357187
0.357500
0.357812
0.358125
0.358437
0.358750
0.359062
0.359375
0.359687
0.360000
0.360312
0.360625
0.360938
0.361250
0.361562
0.361875
0.362188
0.362500
0.362812
0.363125
0.363438
0.363750
0.364062
0.364375
0.364688
0.365000
0.365312
0.365625
0.365938
0.366250
0.366562
0.366875
0.367188
0.367500
0.367812
0.368125
0.368437
0.368750
0.369062
0.369375
0.369687
0.370000
0.370312
0.370625
0.370937
0.371250
0.371562
0.371875
0.372187
0.372500
0.372812
0.373125
0.373437
0.373750
0.374062
0.374375
0.374687
0.375000
0.375312
0.375625
0.375937
0.376250
0.376563
0.376875
0.377187
0.377500
0.377813
0.378125
0.378437
0.378750
0.379063
0.379375
0.379687
0.380000
0.380313
0.380625
0.380937
0.381250
0.381563
0.381875
0.382187
0.382500
0.382813
0.383125
0.383437
0.383750
0.384062
0.384375
0.384687
0.385000
0.385312
0.385625
0.385937
0.386250
0.386562
0.386875
0.387187
0.387500
0.387812
0.388125
0.388437
0.388750
0.389062
0.389375
0.389687
0.390000
0.390312
0.390625
0.390937
0.391250
0.391562
0.391875
0.392188
0.392500
0.392812
0.393125
0.393438
0.393750
0.394062
0.394375
0.394688
0.395000
0.395312
0.395625
0.395938
0.396250
0.396562
0.396875
0.397188
0.397500
0.397812
0.398125
0.398438
0.398750
0.399062
0.399375
0.399687
0.400000
0.400312
0.400625
0.400937
0.401250
0.401562
0.401875
0.402187
0.402500
0.402812
0.403125
0.403437
0.403750
0.404062
0.404375
0.404687
0.405000
0.405312
0.405625
0.405937
0.406250
0.406562
0.406875
0.407187
0.407500
0.407812
0.408125
0.408437
0.408750
0.409063
0.409375
0.409687
0.410000
0.410313
0.410625
0.410937
0.411250
0.411563
0.411875
0.412187
0.412500
0.412813
0.413125
0.413437
0.413750
0.414063
0.414375
0.414687
0.415000
0.415312
0.415625
0.415937
0.416250
0.416562
0.416875
0.417187
0.417500
0.417812
0.418125
0.418437
0.418750
0.419062
0.419375
0.419687
0.420000
0.420312
0.420625
0.420937
0.421250
0.421562
0.421875
0.422187
0.422500
0.422812
0.423125
0.423437
0.423750
0.424062
0.424375
0.424688
0.425000
0.425312
0.425625
0.425938
0.426250
0.426562
0.426875
0.427188
0.427500
0.427812
0.428125
0.428438
0.428750
0.429062
0.429375
0.429688
0.430000
0.430312
0.430625
0.430937
0.431250
0.431562
0.431875
0.432187
0.432500
0.432812
0.433125
0.433437
0.433750
0.434062
0.434375
0.434687
0.435000
0.435312
0.435625
0.435937
0.436250
0.436562
0.436875
0.437187
0.437500
0.437812
0.438125
0.438437
0.438750
0.439062
0.439375
0.439687
0.440000
0.440313
0.440625
0.440937
0.441250
0.441563
0.441875
0.442187
0.442500
0.442813
0.443125
0.443437
0.443750
0.444063
0.444375
0.444687
0.445000
0.445313
0.445625
0.445937
0.446250
0.446562
0.446875
0.447187
0.447500
0.447812
0.448125
0.448437
0.448750
0.449062
0.449375
0.449687
0.450000
0.450312
0.450625
0.450937
0.451250
0.451562
0.451875
0.452187
0.452500
0.452812
0.453125
0.453437
0.453750
0.454062
0.454375
0.454687
0.455000
0.455312
0.455625
0.455937
0.456250
0.456562
0.456875
0.457188
0.457500
0.457812
0.458125
0.458438
0.458750
0.459062
0.459375
0.459688
0.460000
0.460312
0.460625
0.460938
0.461250
0.461562
0.461875
0.462187
0.462500
0.462812
0.463125
0.463437
0.463750
0.464062
0.464375
0.464687
0.465000
0.465312
0.465625
0.465937
0.466250
0.466562
0.466875
0.467187
0.467500
0.467812
0.468125
0.468437
0.468750
0.469062
0.469375
0.469687
0.470000
0.470312
0.470625
0.470937
0.471250
0.471562
0.471875
0.472187
0.472500
0.472813
0.473125
0.473437
0.473750
0.474063
0.474375
0.474687
0.475000
0.475313
0.475625
0.475937
0.476250
0.476563
0.476875
0.477187
0.477500
0.477812
0.478125
0.478437
0.478750
0.479062
0.479375
0.479687
0.480000
0.480312
0.480625
0.480937
0.481250
0.481562
0.481875
0.482187
0.482500
0.482812
0.483125
0.483437
0.483750
0.484062
0.484375
0.484687
0.485000
0.485312
0.485625
0.485937
0.486250
0.486562
0.486875
0.487187
0.487500
0.487812
0.488125
0.488438
0.488750
0.489062
0.489375
0.489688
0.490000
0.490312
0.490625
0.490938
0.491250
0.491562
0.491875
0.492188
0.492500
0.492812
0.493125
0.493437
0.493750
0.494062
0.494375
0.494687
0.495000
0.495312
0.495625
0.495937
0.496250
0.496562
0.496875
0.497187
0.497500
0.497812
0.498125
0.498437
0.498750
0.499062
0.499375
0.499687
0.500000
0.500313
0.500625
0.500937
0.501250
0.501562
0.501875
0.502187
0.502500
0.502813
0.503125
0.503437
0.503750
0.504062
0.504375
0.504687
0.505000
0.505313
0.505625
0.505938
0.506250
0.506562
0.506875
0.507187
0.507500
0.507813
0.508125
0.508438
0.508750
0.509062
0.509375
0.509687
0.510000
0.510312
0.510625
0.510938
0.511250
0.511562
0.511875
0.512187
0.512500
0.512812
0.513125
0.513438
0.513750
0.514062
0.514375
0.514687
0.515000
0.515312
0.515625
0.515938
0.516250
0.516562
0.516875
0.517187
0.517500
0.517812
0.518125
0.518438
0.518750
0.519062
0.519375
0.519687
0.520000
0.520312
0.520625
0.520938
0.521250
0.521563
0.521875
0.522187
0.522500
0.522812
0.523125
0.523438
0.523750
0.524063
0.524375
0.524687
0.525000
0.525312
0.525625
0.525937
0.526250
0.526563
0.526875
0.527187
0.527500
0.527812
0.528125
0.528437
0.528750
0.529063
0.529375
0.529687
0.530000
0.530312
0.530625
0.530937
0.531250
0.531563
0.531875
0.532187
0.532500
0.532812
0.533125
0.533437
0.533750
0.534063
0.534375
0.534687
0.535000
0.535312
0.535625
0.535937
0.536250
0.536563
0.536875
0.537188
0.537500
0.537812
0.538125
0.538437
0.538750
0.539063
0.539375
0.539688
0.540000
0.540312
0.540625
0.540937
0.541250
0.541562
0.541875
0.542188
0.542500
0.542812
0.543125
0.543437
0.543750
0.544062
0.544375
0.544688
0.545000
0.545312
0.545625
0.545937
0.546250
0.546562
0.546875
0.547188
0.547500
0.547812
0.548125
0.548437
0.548750
0.549062
0.549375
0.549688
0.550000
0.550312
0.550625
0.550937
0.551250
0.551562
0.551875
0.552188
0.552500
0.552813
0.553125
0.553437
0.553750
0.554062
0.554375
0.554688
0.555000
0.555313
0.555625
0.555937
0.556250
0.556562
0.556875
0.557187
0.557500
0.557813
0.558125
0.558437
0.558750
0.559062
0.559375
0.559687
0.560000
0.560313
0.560625
0.560937
0.561250
0.561562
0.561875
0.562187
0.562500
0.562813
0.563125
0.563437
0.563750
0.564062
0.564375
0.564687
0.565000
0.565313
0.565625
0.565937
0.566250
0.566562
0.566875
0.567187
0.567500
0.567813
0.568125
0.568438
0.568750
0.569062
0.569375
0.569687
0.570000
0.570313
0.570625
0.570938
0.571250
0.571562
0.571875
0.572187
0.572500
0.572812
0.573125
0.573438
0.573750
0.574062
0.574375
0.574687
0.575000
0.575312
0.575625
0.575938
0.576250
0.576562
0.576875
0.577187
0.577500
0.577812
0.578125
0.578438
0.578750
0.579062
0.579375
0.579687
0.580000
0.580312
0.580625
0.580938
0.581250
0.581562
0.581875
0.582187
0.582500
0.582812
0.583125
0.583438
0.583750
0.584063
0.584375
0.584687
0.585000
0.585312
0.585625
0.585938
0.586250
0.586563
0.586875
0.587187
0.587500
0.587812
0.588125
0.588437
0.588750
0.589063
0.589375
0.589687
0.590000
0.590312
0.590625
0.590937
0.591250
0.591563
0.591875
0.592187
0.592500
0.592812
0.593125
0.593437
0.593750
0.594063
0.594375
0.594687
0.595000
0.595312
0.595625
0.595937
0.596250
0.596563
0.596875
0.597187
0.597500
0.597812
0.598125
0.598437
0.598750
0.599063
0.599375
0.599687
0.600000
0.600312
0.600625
0.600937
0.601250
0.601563
0.601875
0.602188
0.602500
0.602812
0.603125
0.603437
0.603750
0.604062
0.604375
0.604688
0.605000
0.605312
0.605625
0.605937
0.606250
0.606562
0.606875
0.607188
0.607500
0.607812
0.608125
0.608437
0.608750
0.609062
0.609375
0.609688
0.610000
0.610312
0.610625
0.610937
0.611250
0.611562
0.611875
0.612188
0.612500
0.612812
0.613125
0.613437
0.613750
0.614062
0.614375
0.614688
0.615000
0.615312
0.615625
0.615937
0.616250
0.616562
0.616875
0.617188
0.617500
0.617813
0.618125
0.618437
0.618750
0.619062
0.619375
0.619687
0.620000
0.620313
0.620625
0.620937
0.621250
0.621562
0.621875
0.622187
0.622500
0.622813
0.623125
0.623437
0.623750
0.624062
0.624375
0.624687
0.625000
0.625313
0.625625
0.625937
0.626250
0.626562
0.626875
0.627187
0.627500
0.627813
0.628125
0.628437
0.628750
0.629062
0.629375
0.629687
0.630000
0.630313
0.630625
0.630937
0.631250
0.631562
0.631875
0.632187
0.632500
0.632813
0.633125
0.633438
0.633750
0.634062
0.634375
0.634687
0.635000
0.635312
0.635625
0.635938
0.636250
0.636562
0.636875
0.637187
0.637500
0.637812
0.638125
0.638438
0.638750
0.639062
0.639375
0.639687
0.640000
0.640312
0.640625
0.640938
0.641250
0.641562
0.641875
0.642187
0.642500
0.642812
0.643125
0.643438
0.643750
0.644062
0.644375
0.644687
0.645000
0.645312
0.645625
0.645938
0.646250
0.646562
0.646875
0.647187
0.647500
0.647812
0.648125
0.648438
0.648750
0.649063
0.649375
0.649687
0.650000
0.650312
0.650625
0.650937
0.651250
0.651563
0.651875
0.652187
0.652500
0.652812
0.653125
0.653437
0.653750
0.654063
0.654375
0.654687
0.655000
0.655312
0.655625
0.655937
0.656250
0.656563
0.656875
0.657187
0.657500
0.657812
0.658125
0.658437
0.658750
0.659063
0.659375
0.659687
0.660000
0.660312
0.660625
0.660937
0.661250
0.661563
0.661875
0.662187
0.662500
0.662812
0.663125
0.663437
0.663750
0.664063
0.664375
0.664688
0.665000
0.665312
0.665625
0.665937
0.666250
0.666562
0.666875
0.667188
0.667500
0.667812
0.668125
0.668437
0.668750
0.669062
0.669375
0.669688
0.670000
0.670312
0.670625
0.670937
0.671250
0.671562
0.671875
0.672188
0.672500
0.672812
0.673125
0.673437
0.673750
0.674062
0.674375
0.674688
0.675000
0.675312
0.675625
0.675937
0.676250
0.676562
0.676875
0.677188
0.677500
0.677812
0.678125
0.678437
0.678750
0.679062
0.679375
0.679688
0.680000
0.680313
0.680625
0.680937
0.681250
0.681562
0.681875
0.682187
0.682500
0.682813
0.683125
0.683437
0.683750
0.684062
0.684375
0.684687
0.685000
0.685313
0.685625
0.685937
0.686250
0.686562
0.686875
0.687187
0.687500
0.687813
0.688125
0.688437
0.688750
0.689062
0.689375
0.689687
0.690000
0.690313
0.690625
0.690937
0.691250
0.691562
0.691875
0.692187
0.692500
0.692813
0.693125
0.693437
0.693750
0.694062
0.694375
0.694687
0.695000
0.695313
0.695625
0.695937
0.696250
0.696562
0.696875
0.697187
0.697500
0.697812
0.698125
0.698438
0.698750
0.699062
0.699375
0.699687
0.700000
0.700312
0.700625
0.700938
0.701250
0.701562
0.701875
0.702187
0.702500
0.702812
0.703125
0.703438
0.703750
0.704062
0.704375
0.704687
0.705000
0.705312
0.705625
0.705938
0.706250
0.706562
0.706875
0.707187
0.707500
0.707812
0.708125
0.708438
0.708750
0.709062
0.709375
0.709687
0.710000
0.710312
0.710625
0.710938
0.711250
0.711562
0.711875
0.712187
0.712500
0.712812
0.713125
0.713437
0.713750
0.714063
0.714375
0.714687
0.715000
0.715312
0.715625
0.715937
0.716250
0.716563
0.716875
0.717187
0.717500
0.717812
0.718125
0.718437
0.718750
0.719063
0.719375
0.719687
0.720000
0.720312
0.720625
0.720937
0.721250
0.721563
0.721875
0.722187
0.722500
0.722812
0.723125
0.723437
0.723750
0.724063
0.724375
0.724687
0.725000
0.725312
0.725625
0.725937
0.726250
0.726563
0.726875
0.727187
0.727500
0.727812
0.728125
0.728437
0.728750
0.729062
0.729375
0.729688
0.730000
0.730312
0.730625
0.730937
0.731250
0.731562
0.731875
0.732188
0.732500
0.732812
0.733125
0.733437
0.733750
0.734062
0.734375
0.734688
0.735000
0.735312
0.735625
0.735937
0.736250
0.736562
0.736875
0.737188
0.737500
0.737812
0.738125
0.738437
0.738750
0.739062
0.739375
0.739688
0.740000
0.740312
0.740625
0.740937
0.741250
0.741562
0.741875
0.742188
0.742500
0.742812
0.743125
0.743437
0.743750
0.744062
0.744375
0.744687
0.745000
0.745313
0.745625
0.745937
0.746250
0.746562
0.746875
0.747187
0.747500
0.747813
0.748125
0.748437
0.748750
0.749062
0.749375
0.749687
0.750000
0.750313
0.750625
0.750937
0.751250
0.751562
0.751875
0.752187
0.752500
0.752813
0.753125
0.753437
0.753750
0.754062
0.754375
0.754687
0.755000
0.755313
0.755625
0.755937
0.756250
0.756562
0.756875
0.757187
0.757500
0.757813
0.758125
0.758437
0.758750
0.759062
0.759375
0.759687
0.760000
0.760312
0.760625
0.760938
0.761250
0.761562
0.761875
0.762187
0.762500
0.762812
0.763125
0.763438
0.763750
0.764062
0.764375
0.764687
0.765000
0.765312
0.765625
0.765938
0.766250
0.766562
0.766875
0.767187
0.767500
0.767812
0.768125
0.768438
0.768750
0.769062
0.769375
0.769687
0.770000
0.770312
0.770625
0.770938
0.771250
0.771562
0.771875
0.772187
0.772500
0.772812
0.773125
0.773438
0.773750
0.774062
0.774375
0.774687
0.775000
0.775312
0.775625
0.775937
0.776250
0.776563
0.776875
0.777187
0.777500
0.777812
0.778125
0.778437
0.778750
0.779063
0.779375
0.779687
0.780000
0.780312
0.780625
0.780937
0.781250
0.781563
0.781875
0.782187
0.782500
0.782812
0.783125
0.783437
0.783750
0.784063
0.784375
0.784687
0.785000
0.785312
0.785625
0.785937
0.786250
0.786563
0.786875
0.787187
0.787500
0.787812
0.788125
0.788437
0.788750
0.789063
0.789375
0.789687
0.790000
0.790312
0.790625
0.790937
0.791250
0.791562
0.791875
0.792188
0.792500
0.792812
0.793125
0.793437
0.793750
0.794062
0.794375
0.794688
0.795000
0.795312
0.795625
0.795937
0.796250
0.796562
0.796875
0.797188
0.797500
0.797812
0.798125
0.798437
0.798750
0.799062
0.799375
0.799688
0.800000
0.800312
0.800625
0.800937
0.801250
0.801562
0.801875
0.802188
0.802500
0.802812
0.803125
0.803437
0.803750
0.804062
0.804375
0.804688
0.805000
0.805312
0.805625
0.805937
0.806250
0.806562
0.806875
0.807187
0.807500
0.807812
0.808125
0.808437
0.808750
0.809062
0.809375
0.809687
0.810000
0.810313
0.810625
0.810937
0.811250
0.811562
0.811875
0.812187
0.812500
0.812813
0.813125
0.813437
0.813750
0.814062
0.814375
0.814687
0.815000
0.815313
0.815625
0.815937
0.816250
0.816562
0.816875
0.817187
0.817500
0.817813
0.818125
0.818437
0.818750
0.819062
0.819375
0.819687
0.820000
0.820313
0.820625
0.820937
0.821250
0.821562
0.821875
0.822187
0.822500
0.822812
0.823125
0.823437
0.823750
0.824062
0.824375
0.824687
0.825000
0.825312
0.825625
0.825938
0.826250
0.826562
0.826875
0.827187
0.827500
0.827812
0.828125
0.828438
0.828750
0.829062
0.829375
0.829687
0.830000
0.830312
0.830625
0.830938
0.831250
0.831562
0.831875
0.832187
0.832500
0.832812
0.833125
0.833438
0.833750
0.834062
0.834375
0.834687
0.835000
0.835312
0.835625
0.835938
0.836250
0.836562
0.836875
0.837187
0.837500
0.837812
0.838125
0.838437
0.838750
0.839062
0.839375
0.839687
0.840000
0.840312
0.840625
0.840937
0.841250
0.841563
0.841875
0.842187
0.842500
0.842812
0.843125
0.843437
0.843750
0.844063
0.844375
0.844687
0.845000
0.845312
0.845625
0.845937
0.846250
0.846563
0.846875
0.847187
0.847500
0.847812
0.848125
0.848437
0.848750
0.849063
0.849375
0.849687
0.850000
0.850312
0.850625
0.850937
0.851250
0.851563
0.851875
0.852187
0.852500
0.852812
0.853125
0.853437
0.853750
0.854062
0.854375
0.854687
0.855000
0.855312
0.855625
0.855937
0.856250
0.856562
0.856875
0.857188
0.857500
0.857812
0.858125
0.858437
0.858750
0.859062
0.859375
0.859688
0.860000
0.860312
0.860625
0.860937
0.861250
0.861562
0.861875
0.862188
0.862500
0.862812
0.863125
0.863437
0.863750
0.864062
0.864375
0.864688
0.865000
0.865312
0.865625
0.865937
0.866250
0.866562
0.866875
0.867188
0.867500
0.867812
0.868125
0.868437
0.868750
0.869062
0.869375
0.869687
0.870000
0.870312
0.870625
0.870937
0.871250
0.871562
0.871875
0.872187
0.872500
0.872813
0.873125
0.873437
0.873750
0.874062
0.874375
0.874687
0.875000
0.875313
0.875625
0.875937
0.876250
0.876562
0.876875
0.877187
0.877500
0.877813
0.878125
0.878437
0.878750
0.879062
0.879375
0.879687
0.880000
0.880313
0.880625
0.880937
0.881250
0.881562
0.881875
0.882187
0.882500
0.882813
0.883125
0.883437
0.883750
0.884062
0.884375
0.884687
0.885000
0.885312
0.885625
0.885937
0.886250
0.886562
0.886875
0.887187
0.887500
0.887812
0.888125
0.888438
0.888750
0.889062
0.889375
0.889687
0.890000
0.890312
0.890625
0.890938
0.891250
0.891562
0.891875
0.892187
0.892500
0.892812
0.893125
0.893438
0.893750
0.894062
0.894375
0.894687
0.895000
0.895312
0.895625
0.895938
0.896250
0.896562
0.896875
0.897187
0.897500
0.897812
0.898125
0.898438
0.898750
0.899062
0.899375
0.899687
0.900000
0.900312
0.900625
0.900937
0.901250
0.901562
0.901875
0.902187
0.902500
0.902812
0.903125
0.903437
0.903750
0.904063
0.904375
0.904687
0.905000
0.905312
0.905625
0.905937
0.906250
0.906563
0.906875
0.907187
0.907500
0.907812
0.908125
0.908437
0.908750
0.909063
0.909375
0.909687
0.910000
0.910312
0.910625
0.910937
0.911250
0.911563
0.911875
0.912187
0.912500
0.912812
0.913125
0.913437
0.913750
0.914063
0.914375
0.914687
0.915000
0.915312
0.915625
0.915937
0.916250
0.916562
0.916875
0.917187
0.917500
0.917812
0.918125
0.918437
0.918750
0.919062
0.919375
0.919687
0.920000
0.920312
0.920625
0.920937
0.921250
0.921562
0.921875
0.922188
0.922500
0.922812
0.923125
0.923437
0.923750
0.924062
0.924375
0.924688
0.925000
0.925312
0.925625
0.925937
0.926250
0.926562
0.926875
0.927188
0.927500
0.927812
0.928125
0.928437
0.928750
0.929062
0.929375
0.929688
0.930000
0.930312
0.930625
0.930937
0.931250
0.931562
0.931875
0.932187
0.932500
0.932812
0.933125
0.933437
0.933750
0.934062
0.934375
0.934687
0.935000
0.935312
0.935625
0.935937
0.936250
0.936562
0.936875
0.937187
0.937500
0.937813
0.938125
0.938437
0.938750
0.939062
0.939375
0.939687
0.940000
0.940313
0.940625
0.940937
0.941250
0.941562
0.941875
0.942187
0.942500
0.942813
0.943125
0.943437
0.943750
0.944062
0.944375
0.944687
0.945000
0.945313
0.945625
0.945937
0.946250
0.946562
0.946875
0.947187
0.947500
0.947812
0.948125
0.948437
0.948750
0.949062
0.949375
0.949687
0.950000
0.950312
0.950625
0.950937
0.951250
0.951562
0.951875
0.952187
0.952500
0.952812
0.953125
0.953438
0.953750
0.954062
0.954375
0.954687
0.955000
0.955312
0.955625
0.955938
0.956250
0.956562
0.956875
0.957187
0.957500
0.957812
0.958125
0.958438
0.958750
0.959062
0.959375
0.959687
0.960000
0.960312
0.960625
0.960938
0.961250
0.961562
0.961875
0.962187
0.962500
0.962812
0.963125
0.963437
0.963750
0.964062
0.964375
0.964687
0.965000
0.965312
0.965625
0.965937
0.966250
0.966562
0.966875
0.967187
0.967500
0.967812
0.968125
0.968437
0.968750
0.969063
0.969375
0.969687
0.970000
0.970312
0.970625
0.970937
0.971250
0.971563
0.971875
0.972187
0.972500
0.972812
0.973125
0.973437
0.973750
0.974063
0.974375
0.974687
0.975000
0.975312
0.975625
0.975937
0.976250
0.976563
0.976875
0.977187
0.977500
0.977812
0.978125
0.978437
0.978750
0.979062
0.979375
0.979687
0.980000
0.980312
0.980625
0.980937
0.981250
0.981562
0.981875
0.982187
0.982500
0.982812
0.983125
0.983437
0.983750
0.984062
0.984375
0.984688
0.985000
0.985312
0.985625
0.985937
0.986250
0.986562
0.986875
0.987188
0.987500
0.987812
0.988125
0.988437
0.988750
0.989062
0.989375
0.989688
0.990000
0.990312
0.990625
0.990937
0.991250
0.991562
0.991875
0.992188
0.992500
0.992812
0.993125
0.993437
0.993750
0.994062
0.994375
0.994687
0.995000
0.995312
0.995625
0.995937
0.996250
0.996562
0.996875
0.997187
0.997500
0.997812
0.998125
0.998437
0.998750
0.999062
0.999375
0.999687
