9.059411e-001
8.207293e-001
7.435324e-001
6.735965e-001
6.102388e-001
5.528404e-001
5.008408e-001
4.537323e-001
4.110547e-001
3.723914e-001
3.373647e-001
3.056325e-001
2.768850e-001
2.508415e-001
2.272477e-001
2.058730e-001
1.865088e-001
1.689660e-001
1.530732e-001
1.386753e-001
1.256317e-001
1.138149e-001
1.031096e-001
9.341123e-002
8.462507e-002
7.666533e-002
6.945427e-002
6.292148e-002
5.700315e-002
5.164150e-002
4.678416e-002
4.238369e-002
3.839713e-002
3.478554e-002
3.151365e-002
2.854951e-002
2.586417e-002
2.343142e-002
2.122748e-002
1.923085e-002
1.742202e-002
1.578332e-002
1.429876e-002
1.295383e-002
1.173541e-002
1.063159e-002
9.631595e-003
8.725657e-003
7.904932e-003
7.161402e-003
6.487809e-003
5.877573e-003
5.324735e-003
4.823896e-003
4.370165e-003
3.959113e-003
3.586723e-003
3.249360e-003
2.943728e-003
2.666844e-003
2.416004e-003
2.188757e-003
1.982885e-003
1.796377e-003
1.627412e-003
1.474339e-003
1.335665e-003
1.210033e-003
1.096219e-003
9.931099e-004
8.996991e-004
8.150744e-004
7.384094e-004
6.689554e-004
6.060342e-004
5.490313e-004
4.973900e-004
4.506060e-004
4.082225e-004
3.698256e-004
3.350402e-004
3.035267e-004
2.749773e-004
2.491132e-004
2.256819e-004
2.044545e-004
1.852237e-004
1.678018e-004
1.520185e-004
1.377198e-004
1.247661e-004
1.130307e-004
1.023992e-004
9.276761e-005
8.404199e-005
7.613710e-005
6.897572e-005
6.248794e-005
5.661040e-005
5.128568e-005
4.646181e-005
4.209166e-005
3.813257e-005
3.454586e-005
3.129651e-005
2.835280e-005
2.568596e-005
2.326997e-005
2.108122e-005
1.909835e-005
1.730198e-005
1.567457e-005
1.420024e-005
1.286458e-005
1.165455e-005
1.055834e-005
9.565232e-006
8.665537e-006
7.850466e-006
7.112060e-006
6.443107e-006
5.837075e-006
5.288047e-006
4.790659e-006
4.340055e-006
3.931834e-006
3.562010e-006
3.226971e-006
2.923446e-006
2.648470e-006
2.399357e-006
2.173677e-006
1.969223e-006
1.784000e-006
1.616199e-006
1.464181e-006
1.326462e-006
1.201696e-006
1.088666e-006
9.862673e-007
8.935000e-007
8.094584e-007
7.333216e-007
6.643462e-007
6.018585e-007
5.452484e-007
4.939629e-007
4.475013e-007
4.054098e-007
3.672774e-007
3.327317e-007
3.014353e-007
2.730827e-007
2.473968e-007
2.241269e-007
2.030458e-007
1.839475e-007
1.666456e-007
1.509711e-007
1.367709e-007
1.239064e-007
1.122519e-007
1.016936e-007
9.212843e-008
8.346294e-008
7.561250e-008
6.850047e-008
6.205739e-008
5.622034e-008
5.093232e-008
4.614168e-008
4.180165e-008
3.786983e-008
3.430783e-008
3.108088e-008
2.815744e-008
2.550899e-008
2.310964e-008
2.093597e-008
1.896676e-008
1.718276e-008
1.556657e-008
1.410240e-008
1.277594e-008
1.157425e-008
1.048559e-008
9.499326e-009
8.605830e-009
7.796375e-009
7.063057e-009
6.398713e-009
5.796857e-009
5.251611e-009
4.757651e-009
4.310151e-009
3.904743e-009
3.537467e-009
3.204737e-009
2.903303e-009
2.630221e-009
2.382826e-009
2.158700e-009
1.955655e-009
1.771708e-009
1.605063e-009
1.454093e-009
1.317322e-009
1.193416e-009
1.081165e-009
9.794718e-010
8.873437e-010
8.038812e-010
7.282690e-010
6.597688e-010
5.977117e-010
5.414916e-010
4.905595e-010
4.444180e-010
4.026165e-010
3.647468e-010
3.304392e-010
2.993584e-010
2.712011e-010
2.456922e-010
2.225827e-010
2.016468e-010
1.826801e-010
1.654974e-010
1.499309e-010
1.358286e-010
1.230527e-010
1.114785e-010
1.009929e-010
9.149366e-011
8.288787e-011
7.509152e-011
6.802850e-011
6.162981e-011
5.583298e-011
5.058139e-011
4.582376e-011
4.151363e-011
3.760890e-011
3.407145e-011
3.086673e-011
2.796344e-011
2.533323e-011
2.295041e-011
2.079172e-011
1.883607e-011
1.706437e-011
1.545932e-011
1.400523e-011
1.268791e-011
1.149450e-011
1.041334e-011
9.433875e-012
8.546535e-012
7.742657e-012
7.014391e-012
6.354626e-012
5.756916e-012
5.215427e-012
4.724870e-012
4.280454e-012
3.877839e-012
3.513094e-012
3.182656e-012
2.883299e-012
2.612099e-012
2.366408e-012
2.143826e-012
1.942180e-012
1.759501e-012
1.594004e-012
1.444074e-012
1.308246e-012
1.185194e-012
1.073716e-012
9.727231e-013
8.812298e-013
7.983423e-013
7.232511e-013
6.552229e-013
5.935934e-013
5.377606e-013
4.871795e-013
4.413559e-013
3.998424e-013
3.622337e-013
3.281624e-013
2.972958e-013
2.693325e-013
2.439994e-013
2.210491e-013
2.002574e-013
1.814214e-013
1.643571e-013
1.488979e-013
1.348927e-013
1.222048e-013
1.107104e-013
1.002971e-013
9.086326e-014
8.231676e-014
7.457414e-014
6.755977e-014
6.120518e-014
5.544828e-014
5.023288e-014
4.550803e-014
4.122759e-014
3.734977e-014
3.383669e-014
3.065405e-014
2.777077e-014
2.515868e-014
2.279228e-014
2.064846e-014
1.870629e-014
1.694680e-014
1.535280e-014
1.390873e-014
1.260049e-014
1.141530e-014
1.034159e-014
9.368875e-015
8.487648e-015
7.689310e-015
6.966062e-015
6.310841e-015
5.717251e-015
5.179492e-015
4.692315e-015
4.250961e-015
3.851120e-015
3.488888e-015
3.160727e-015
2.863433e-015
2.594101e-015
2.350103e-015
2.129055e-015
1.928798e-015
1.747378e-015
1.583021e-015
1.434124e-015
1.299232e-015
1.177028e-015
1.066318e-015
9.660209e-016
8.751581e-016
7.928417e-016
7.182678e-016
6.507084e-016
5.895034e-016
5.340554e-016
4.838227e-016
4.383149e-016
3.970875e-016
3.597379e-016
3.259013e-016
2.952474e-016
2.674768e-016
2.423182e-016
2.195260e-016
1.988776e-016
1.801714e-016
1.632247e-016
1.478720e-016
1.339633e-016
1.213628e-016
1.099476e-016
9.960604e-017
9.023720e-017
8.174959e-017
7.406031e-017
6.709428e-017
6.078347e-017
5.506624e-017
4.988677e-017
4.519448e-017
4.094353e-017
3.709243e-017
3.360356e-017
3.044284e-017
2.757942e-017
2.498533e-017
2.263524e-017
2.050619e-017
1.857740e-017
1.683003e-017
1.524702e-017
1.381290e-017
1.251367e-017
1.133665e-017
1.027034e-017
9.304322e-018
8.429168e-018
7.636329e-018
6.918065e-018
6.267359e-018
5.677858e-018
5.143805e-018
4.659984e-018
4.221671e-018
3.824586e-018
3.464849e-018
3.138949e-018
2.843703e-018
2.576228e-018
2.333910e-018
2.114385e-018
1.915509e-018
1.735338e-018
1.572114e-018
1.424243e-018
1.290280e-018
1.168918e-018
1.058971e-018
9.593650e-019
8.691281e-019
7.873789e-019
7.133189e-019
6.462249e-019
5.854417e-019
5.303757e-019
4.804891e-019
4.352949e-019
3.943515e-019
3.572592e-019
3.236558e-019
2.932131e-019
2.656338e-019
2.406486e-019
2.180134e-019
1.975073e-019
1.789300e-019
1.621001e-019
1.468531e-019
1.330403e-019
1.205266e-019
1.091900e-019
9.891974e-020
8.961546e-020
8.118633e-020
7.355003e-020
6.663199e-020
6.036466e-020
5.468683e-020
4.954304e-020
4.488308e-020
4.066143e-020
3.683686e-020
3.337202e-020
3.023309e-020
2.738940e-020
2.481318e-020
2.247928e-020
2.036490e-020
1.844940e-020
1.671407e-020
1.514196e-020
1.371773e-020
1.242745e-020
1.125854e-020
1.019958e-020
9.240214e-021
8.371090e-021
7.583714e-021
6.870398e-021
6.224176e-021
5.638737e-021
5.108364e-021
4.627877e-021
4.192584e-021
3.798234e-021
3.440976e-021
3.117322e-021
2.824110e-021
2.558477e-021
2.317830e-021
2.099817e-021
1.902311e-021
1.723381e-021
1.561282e-021
1.414430e-021
1.281390e-021
1.160864e-021
1.051674e-021
9.527548e-022
8.631398e-022
7.819538e-022
7.084041e-022
6.417724e-022
5.814079e-022
5.267214e-022
4.771785e-022
4.322956e-022
3.916344e-022
3.547977e-022
3.214258e-022
2.911928e-022
2.638036e-022
2.389905e-022
2.165113e-022
1.961465e-022
1.776972e-022
1.609832e-022
1.458413e-022
1.321236e-022
1.196962e-022
1.084377e-022
9.823817e-023
8.899800e-023
8.062694e-023
7.304326e-023
6.617289e-023
5.994874e-023
5.431003e-023
4.920169e-023
4.457383e-023
4.038127e-023
3.658305e-023
3.314209e-023
3.002478e-023
2.720068e-023
2.464221e-023
2.232439e-023
2.022459e-023
1.832228e-023
1.659891e-023
1.503764e-023
1.362321e-023
1.234183e-023
1.118097e-023
1.012930e-023
9.176548e-024
8.313412e-024
7.531462e-024
6.823061e-024
6.181291e-024
5.599886e-024
5.073167e-024
4.595990e-024
4.163696e-024
3.772064e-024
3.417267e-024
3.095843e-024
2.804651e-024
2.540849e-024
2.301859e-024
2.085349e-024
1.889203e-024
1.711507e-024
1.550525e-024
1.404684e-024
1.272561e-024
1.152865e-024
1.044428e-024
9.461902e-025
8.571926e-025
7.765660e-025
7.035231e-025
6.373505e-025
5.774020e-025
5.230922e-025
4.738907e-025
4.293171e-025
3.889360e-025
3.523531e-025
3.192111e-025
2.891865e-025
2.619859e-025
2.373438e-025
2.150195e-025
1.947950e-025
1.764728e-025
1.598740e-025
1.448364e-025
1.312133e-025
1.188715e-025
1.076906e-025
9.756130e-026
8.838479e-026
8.007141e-026
7.253999e-026
6.571695e-026
5.953569e-026
5.393583e-026
4.886268e-026
4.426671e-026
4.010303e-026
3.633099e-026
3.291373e-026
2.981790e-026
2.701327e-026
2.447243e-026
2.217058e-026
2.008524e-026
1.819604e-026
1.648454e-026
1.493402e-026
1.352935e-026
1.225679e-026
1.110393e-026
1.005951e-026
9.113321e-027
8.256132e-027
7.479569e-027
6.776049e-027
6.138701e-027
5.561302e-027
5.038212e-027
4.564323e-027
4.135008e-027
3.746074e-027
3.393722e-027
3.074512e-027
2.785327e-027
2.523342e-027
2.285999e-027
2.070981e-027
1.876187e-027
1.699715e-027
1.539841e-027
1.395006e-027
1.263793e-027
1.144922e-027
1.037232e-027
9.396709e-028
8.512865e-028
7.712154e-028
6.986757e-028
6.329591e-028
5.734236e-028
5.194880e-028
4.706256e-028
4.263590e-028
3.862562e-028
3.499253e-028
3.170117e-028
2.871940e-028
2.601808e-028
2.357085e-028
2.135380e-028
1.934529e-028
1.752569e-028
1.587724e-028
1.438385e-028
1.303092e-028
1.180524e-028
1.069486e-028
9.688909e-029
8.777581e-029
7.951971e-029
7.204018e-029
6.526416e-029
5.912548e-029
5.356420e-029
4.852601e-029
4.396171e-029
3.982672e-029
3.608066e-029
3.268696e-029
2.961246e-029
2.682714e-029
2.430381e-029
2.201782e-029
1.994685e-029
1.807067e-029
1.637096e-029
1.483113e-029
1.343613e-029
1.217234e-029
1.102742e-029
9.990196e-030
9.050529e-030
8.199246e-030
7.428034e-030
6.729361e-030
6.096405e-030
5.522984e-030
5.003498e-030
4.532875e-030
4.106517e-030
3.720263e-030
3.370339e-030
3.053329e-030
2.766136e-030
2.505956e-030
2.270249e-030
2.056712e-030
1.863260e-030
1.688003e-030
1.529232e-030
1.385394e-030
1.255085e-030
1.137033e-030
1.030085e-030
9.331965e-031
8.454210e-031
7.659016e-031
6.938618e-031
6.285979e-031
5.694727e-031
5.159087e-031
4.673829e-031
4.234214e-031
3.835948e-031
3.475143e-031
3.148275e-031
2.852152e-031
2.583881e-031
2.340844e-031
2.120667e-031
1.921200e-031
1.740494e-031
1.576785e-031
1.428474e-031
1.294113e-031
1.172390e-031
1.062117e-031
9.622152e-032
8.717103e-032
7.897182e-032
7.154381e-032
6.481448e-032
5.871810e-032
5.319514e-032
4.819166e-032
4.365881e-032
3.955231e-032
3.583206e-032
3.246174e-032
2.940842e-032
2.664230e-032
2.413635e-032
2.186611e-032
1.980941e-032
1.794616e-032
1.625816e-032
1.472894e-032
1.334355e-032
1.208847e-032
1.095144e-032
9.921362e-033
8.988170e-033
8.142753e-033
7.376854e-033
6.682995e-033
6.054400e-033
5.484930e-033
4.969023e-033
4.501643e-033
4.078223e-033
3.694630e-033
3.347117e-033
3.032291e-033
2.747077e-033
2.488690e-033
2.254606e-033
2.042541e-033
1.850421e-033
1.676373e-033
1.518695e-033
1.375848e-033
1.246437e-033
1.129199e-033
1.022988e-033
9.267666e-034
8.395960e-034
7.606245e-034
6.890810e-034
6.242668e-034
5.655489e-034
5.123540e-034
4.641626e-034
4.205040e-034
3.809518e-034
3.451199e-034
3.126583e-034
2.832500e-034
2.566078e-034
2.324716e-034
2.106056e-034
1.907962e-034
1.728501e-034
1.565920e-034
1.418632e-034
1.285197e-034
1.164313e-034
1.054799e-034
9.555854e-035
8.657041e-035
7.842769e-035
7.105087e-035
6.436790e-035
5.831353e-035
5.282862e-035
4.785962e-035
4.335800e-035
3.927979e-035
3.558518e-035
3.223807e-035
2.920580e-035
2.645873e-035
2.397005e-035
2.171545e-035
1.967292e-035
1.782251e-035
1.614614e-035
1.462746e-035
1.325161e-035
1.200518e-035
1.087599e-035
9.853003e-036
8.926240e-036
8.086648e-036
7.326027e-036
6.636949e-036
6.012685e-036
5.447138e-036
4.934786e-036
4.470626e-036
4.050124e-036
3.669173e-036
3.324055e-036
3.011398e-036
2.728149e-036
2.471542e-036
2.239072e-036
2.028467e-036
1.837672e-036
1.664822e-036
1.508231e-036
1.366369e-036
1.237849e-036
1.121419e-036
1.015939e-036
9.203811e-037
8.338111e-037
7.553837e-037
6.843332e-037
6.199655e-037
5.616523e-037
5.088239e-037
4.609644e-037
4.176066e-037
3.783270e-037
3.427420e-037
3.105041e-037
2.812984e-037
2.548398e-037
2.308698e-037
2.091545e-037
1.894816e-037
1.716592e-037
1.555131e-037
1.408857e-037
1.276342e-037
1.156290e-037
1.047531e-037
9.490013e-038
8.597393e-038
7.788732e-038
7.056132e-038
6.392440e-038
5.791174e-038
5.246463e-038
4.752986e-038
4.305925e-038
3.900915e-038
3.533999e-038
3.201595e-038
2.900456e-038
2.627643e-038
2.380490e-038
2.156583e-038
1.953737e-038
1.769971e-038
1.603490e-038
1.452667e-038
1.316031e-038
1.192246e-038
1.080105e-038
9.785115e-039
8.864738e-039
8.030930e-039
7.275550e-039
6.591220e-039
5.971257e-039
5.409607e-039
4.900785e-039
4.439823e-039
4.022218e-039
3.643892e-039
3.301152e-039
2.990649e-039
2.709352e-039
2.454513e-039
2.223644e-039
2.014491e-039
1.825010e-039
1.653352e-039
1.497839e-039
1.356954e-039
1.229320e-039
1.113692e-039
1.008939e-039
9.140396e-040
8.280660e-040
7.501790e-040
6.796180e-040
6.156939e-040
5.577824e-040
5.053180e-040
4.577884e-040
4.147293e-040
3.757203e-040
3.403805e-040
3.083646e-040
2.793602e-040
2.530839e-040
2.292791e-040
2.077134e-040
1.881761e-040
1.704764e-040
1.544416e-040
1.399150e-040
1.267547e-040
1.148323e-040
1.040313e-040
9.424626e-041
8.538156e-041
7.735066e-041
7.007515e-041
6.348395e-041
5.751272e-041
5.210314e-041
4.720238e-041
4.276257e-041
3.874037e-041
3.509649e-041
3.179536e-041
2.880472e-041
2.609538e-041
2.364088e-041
2.141724e-041
1.940276e-041
1.757776e-041
1.592441e-041
1.442658e-041
1.306963e-041
1.184032e-041
1.072663e-041
9.717694e-042
8.803659e-042
7.975596e-042
7.225420e-042
6.545805e-042
5.930114e-042
5.372334e-042
4.867018e-042
4.409232e-042
3.994504e-042
3.618786e-042
3.278407e-042
2.970043e-042
2.690684e-042
2.437601e-042
2.208323e-042
2.000611e-042
1.812436e-042
1.641960e-042
1.487519e-042
1.347605e-042
1.220850e-042
1.106018e-042
1.001988e-042
9.077418e-043
8.223606e-043
7.450102e-043
6.749354e-043
6.114517e-043
5.539392e-043
5.018363e-043
4.546341e-043
4.118718e-043
3.731315e-043
3.380352e-043
3.062400e-043
2.774354e-043
2.513401e-043
2.276993e-043
2.062822e-043
1.868795e-043
1.693018e-043
1.533775e-043
1.389510e-043
1.258814e-043
1.140411e-043
1.033145e-043
9.359689e-044
8.479327e-044
7.681771e-044
6.959232e-044
6.304654e-044
5.711645e-044
5.174414e-044
4.687715e-044
4.246793e-044
3.847345e-044
3.485468e-044
3.157628e-044
2.860625e-044
2.591558e-044
2.347799e-044
2.126967e-044
1.926907e-044
1.745664e-044
1.581469e-044
1.432718e-044
1.297958e-044
1.175874e-044
1.065272e-044
9.650738e-045
8.743001e-045
7.920644e-045
7.175636e-045
6.500704e-045
5.889255e-045
5.335318e-045
4.833484e-045
4.378852e-045
3.966982e-045
3.593852e-045
3.255818e-045
2.949579e-045
2.672145e-045
2.420806e-045
2.193108e-045
1.986826e-045
1.799948e-045
1.630647e-045
1.477270e-045
1.338319e-045
1.212439e-045
1.098398e-045
9.950838e-046
9.014873e-046
8.166944e-046
7.398770e-046
6.702850e-046
6.072387e-046
5.501225e-046
4.983786e-046
4.515017e-046
4.090339e-046
3.705606e-046
3.357061e-046
3.041300e-046
2.755238e-046
2.496084e-046
2.261305e-046
2.048609e-046
1.855919e-046
1.681353e-046
1.523207e-046
1.379936e-046
1.250141e-046
1.132554e-046
1.026027e-046
9.295200e-047
8.420904e-047
7.628843e-047
6.911282e-047
6.261215e-047
5.672292e-047
5.138762e-047
4.655416e-047
4.217532e-047
3.820836e-047
3.461452e-047
3.135872e-047
2.840915e-047
2.573702e-047
2.331622e-047
2.112312e-047
1.913631e-047
1.733637e-047
1.570573e-047
1.422846e-047
1.289015e-047
1.167772e-047
1.057932e-047
9.584244e-048
8.682760e-048
7.866069e-048
7.126196e-048
6.455913e-048
5.848677e-048
5.298557e-048
4.800181e-048
4.348681e-048
3.939649e-048
3.569090e-048
3.233385e-048
2.929256e-048
2.653734e-048
2.404126e-048
2.177997e-048
1.973137e-048
1.787546e-048
1.619411e-048
1.467091e-048
1.329098e-048
1.204085e-048
1.090830e-048
9.882276e-049
8.952760e-049
8.110673e-049
7.347792e-049
6.656667e-049
6.030548e-049
5.463321e-049
4.949447e-049
4.483908e-049
4.062156e-049
3.680074e-049
3.333931e-049
3.020345e-049
2.736254e-049
2.478885e-049
2.245724e-049
2.034494e-049
1.843131e-049
1.669769e-049
1.512712e-049
1.370428e-049
1.241527e-049
1.124750e-049
1.018958e-049
9.231155e-050
8.362883e-050
7.576279e-050
6.863663e-050
6.218074e-050
5.633209e-050
5.103355e-050
4.623339e-050
4.188473e-050
3.794510e-050
3.437603e-050
3.114265e-050
2.821341e-050
2.555969e-050
2.315557e-050
2.097758e-050
1.900446e-050
1.721692e-050
1.559751e-050
1.413043e-050
1.280134e-050
1.159726e-050
1.050643e-050
9.518207e-051
8.622935e-051
7.811871e-051
7.077095e-051
6.411432e-051
5.808379e-051
5.262050e-051
4.767107e-051
4.318718e-051
3.912504e-051
3.544498e-051
3.211107e-051
2.909074e-051
2.635449e-051
2.387562e-051
2.162990e-051
1.959542e-051
1.775230e-051
1.608253e-051
1.456983e-051
1.319941e-051
1.195788e-051
1.083314e-051
9.814186e-052
8.891074e-052
8.054790e-052
7.297165e-052
6.610802e-052
5.988997e-052
5.425678e-052
4.915345e-052
4.453013e-052
4.034168e-052
3.654718e-052
3.310959e-052
2.999534e-052
2.717401e-052
2.461806e-052
2.230251e-052
2.020476e-052
1.830432e-052
1.658264e-052
1.502289e-052
1.360986e-052
1.232973e-052
1.117001e-052
1.011937e-052
9.167551e-053
8.305262e-053
7.524078e-053
6.816371e-053
6.175231e-053
5.594395e-053
5.068193e-053
4.591484e-053
4.159614e-053
3.768365e-053
3.413917e-053
3.092808e-053
2.801902e-053
2.538358e-053
2.299603e-053
2.083305e-053
1.887351e-053
1.709829e-053
1.549004e-053
1.403307e-053
1.271313e-053
1.151735e-053
1.043404e-053
9.452626e-054
8.563522e-054
7.758047e-054
7.028333e-054
6.367256e-054
5.768359e-054
5.225793e-054
4.734261e-054
4.288962e-054
3.885547e-054
3.520076e-054
3.188982e-054
2.889030e-054
2.617291e-054
2.371111e-054
2.148087e-054
1.946040e-054
1.762998e-054
1.597172e-054
1.446944e-054
1.310846e-054
1.187549e-054
1.075850e-054
9.746565e-055
8.829814e-055
7.999291e-055
7.246887e-055
6.565252e-055
5.947732e-055
5.388295e-055
4.881478e-055
4.422331e-055
4.006372e-055
3.629537e-055
3.288147e-055
2.978867e-055
2.698678e-055
2.444843e-055
2.214884e-055
2.006555e-055
1.817820e-055
1.646838e-055
1.491938e-055
1.351608e-055
1.224477e-055
1.109304e-055
1.004964e-055
9.104386e-056
8.248037e-056
7.472236e-056
6.769406e-056
6.132683e-056
5.555849e-056
5.033272e-056
4.559848e-056
4.130954e-056
3.742401e-056
3.390395e-056
3.071498e-056
2.782596e-056
2.520868e-056
2.283758e-056
2.068950e-056
1.874347e-056
1.698048e-056
1.538332e-056
1.393638e-056
1.262554e-056
1.143799e-056
1.036215e-056
9.387496e-057
8.504519e-057
7.704593e-057
6.979907e-057
6.323385e-057
5.728614e-057
5.189787e-057
4.701641e-057
4.259410e-057
3.858775e-057
3.495823e-057
3.167009e-057
2.869124e-057
2.599257e-057
2.354774e-057
2.133287e-057
1.932632e-057
1.750851e-057
1.586168e-057
1.436974e-057
1.301814e-057
1.179367e-057
1.068437e-057
9.679410e-058
8.768975e-058
7.944175e-058
7.196955e-058
6.520017e-058
5.906752e-058
5.351169e-058
4.847844e-058
4.391861e-058
3.978767e-058
3.604529e-058
3.265491e-058
2.958342e-058
2.680084e-058
2.427998e-058
2.199623e-058
1.992729e-058
1.805295e-058
1.635491e-058
1.481659e-058
1.342295e-058
1.216041e-058
1.101661e-058
9.980401e-059
9.041656e-059
8.191208e-059
7.420752e-059
6.722764e-059
6.090428e-059
5.517569e-059
4.998593e-059
4.528430e-059
4.102491e-059
3.716615e-059
3.367035e-059
3.050335e-059
2.763424e-059
2.503499e-059
2.268023e-059
2.054695e-059
1.861433e-059
1.686348e-059
1.527732e-059
1.384036e-059
1.253855e-059
1.135918e-059
1.029075e-059
9.322815e-060
8.445922e-060
7.651508e-060
6.931815e-060
6.279816e-060
5.689144e-060
5.154029e-060
4.669247e-060
4.230062e-060
3.832187e-060
3.471736e-060
3.145188e-060
2.849355e-060
2.581348e-060
2.338549e-060
2.118588e-060
1.919316e-060
1.738787e-060
1.575239e-060
1.427074e-060
1.292845e-060
1.171241e-060
1.061075e-060
9.612718e-061
8.708556e-061
7.889439e-061
7.147367e-061
6.475094e-061
5.866053e-061
5.314299e-061
4.814442e-061
4.361601e-061
3.951353e-061
3.579693e-061
3.242991e-061
2.937959e-061
2.661618e-061
2.411269e-061
2.184468e-061
1.978999e-061
1.792857e-061
1.624222e-061
1.471450e-061
1.333047e-061
1.207662e-061
1.094071e-061
9.911635e-062
8.979358e-062
8.134769e-062
7.369622e-062
6.676443e-062
6.048464e-062
5.479552e-062
4.964152e-062
4.497229e-062
4.074225e-062
3.691008e-062
3.343835e-062
3.029318e-062
2.744384e-062
2.486250e-062
2.252396e-062
2.040538e-062
1.848607e-062
1.674729e-062
1.517206e-062
1.374499e-062
1.245215e-062
1.128092e-062
1.021985e-062
9.258580e-063
8.387728e-063
7.598788e-063
6.884054e-063
6.236548e-063
5.649945e-063
5.118517e-063
4.637075e-063
4.200917e-063
3.805783e-063
3.447815e-063
3.123518e-063
2.829723e-063
2.563562e-063
2.322437e-063
2.103991e-063
1.906092e-063
1.726807e-063
1.564385e-063
1.417241e-063
1.283937e-063
1.163171e-063
1.053764e-063
9.546485e-064
8.648553e-064
7.835080e-064
7.098121e-064
6.430479e-064
5.825636e-064
5.277683e-064
4.781270e-064
4.331549e-064
3.924128e-064
3.555029e-064
3.220647e-064
2.917716e-064
2.643279e-064
2.394655e-064
2.169416e-064
1.965364e-064
1.780504e-064
1.613031e-064
1.461311e-064
1.323862e-064
1.199341e-064
1.086532e-064
9.843343e-065
8.917489e-065
8.078720e-065
7.318844e-065
6.630442e-065
6.006790e-065
5.441798e-065
4.929948e-065
4.466243e-065
4.046153e-065
3.665576e-065
3.320796e-065
3.008446e-065
2.725475e-065
2.469119e-065
2.236877e-065
2.026479e-065
1.835870e-065
1.663190e-065
1.506752e-065
1.365029e-065
1.236636e-065
1.120319e-065
1.014943e-065
9.194788e-066
8.329936e-066
7.546431e-066
6.836622e-066
6.193577e-066
5.611016e-066
5.083250e-066
4.605125e-066
4.171972e-066
3.779561e-066
3.424060e-066
3.101996e-066
2.810226e-066
2.545899e-066
2.306435e-066
2.089494e-066
1.892958e-066
1.714909e-066
1.553606e-066
1.407476e-066
1.275090e-066
1.155157e-066
1.046504e-066
9.480709e-067
8.588964e-067
7.781095e-067
7.049214e-067
6.386173e-067
5.785496e-067
5.241319e-067
4.748326e-067
4.301704e-067
3.897090e-067
3.530534e-067
3.198456e-067
2.897613e-067
2.625067e-067
2.378156e-067
2.154469e-067
1.951822e-067
1.768236e-067
1.601917e-067
1.451243e-067
1.314741e-067
1.191077e-067
1.079046e-067
9.775521e-068
8.856047e-068
8.023057e-068
7.268417e-068
6.584757e-068
5.965402e-068
5.404303e-068
4.895980e-068
4.435470e-068
4.018274e-068
3.640320e-068
3.297915e-068
2.987717e-068
2.706696e-068
2.452107e-068
2.221464e-068
2.012516e-068
1.823221e-068
1.651731e-068
1.496371e-068
1.355624e-068
1.228115e-068
1.112600e-068
1.007950e-068
9.131435e-069
8.272542e-069
7.494436e-069
6.789517e-069
6.150903e-069
5.572356e-069
5.048226e-069
4.573395e-069
4.143227e-069
3.753519e-069
3.400467e-069
3.080623e-069
2.790863e-069
2.528358e-069
2.290543e-069
2.075097e-069
1.879916e-069
1.703093e-069
1.542902e-069
1.397778e-069
1.266305e-069
1.147198e-069
1.039293e-069
9.415386e-070
8.529785e-070
7.727483e-070
7.000644e-070
6.342171e-070
5.745634e-070
5.205206e-070
4.715610e-070
4.272065e-070
3.870239e-070
3.506209e-070
3.176418e-070
2.877648e-070
2.606980e-070
2.361770e-070
2.139624e-070
1.938374e-070
1.756052e-070
1.590880e-070
1.441244e-070
1.305682e-070
1.182871e-070
1.071611e-070
9.708167e-071
8.795028e-071
7.967777e-071
7.218337e-071
6.539388e-071
5.924300e-071
5.367067e-071
4.862247e-071
4.404909e-071
3.990588e-071
3.615238e-071
3.275192e-071
2.967131e-071
2.688046e-071
2.435212e-071
2.206158e-071
1.998649e-071
1.810659e-071
1.640350e-071
1.486061e-071
1.346283e-071
1.219653e-071
1.104934e-071
1.001005e-071
9.068518e-072
8.215543e-072
7.442798e-072
6.742737e-072
6.108522e-072
5.533961e-072
5.013443e-072
4.541884e-072
4.114679e-072
3.727657e-072
3.377038e-072
3.059397e-072
2.771634e-072
2.510937e-072
2.274761e-072
2.060800e-072
1.866963e-072
1.691358e-072
1.532271e-072
1.388147e-072
1.257580e-072
1.139293e-072
1.032133e-072
9.350513e-073
8.471014e-073
7.674240e-073
6.952409e-073
6.298473e-073
5.706046e-073
5.169341e-073
4.683119e-073
4.242630e-073
3.843573e-073
3.482050e-073
3.154533e-073
2.857821e-073
2.589017e-073
2.345497e-073
2.124882e-073
1.925018e-073
1.743953e-073
1.579919e-073
1.431313e-073
1.296686e-073
1.174721e-073
1.064228e-073
9.641277e-074
8.734429e-074
7.912878e-074
7.168601e-074
6.494331e-074
5.883481e-074
5.330087e-074
4.828745e-074
4.374559e-074
3.963092e-074
3.590328e-074
3.252626e-074
2.946688e-074
2.669525e-074
2.418433e-074
2.190958e-074
1.984879e-074
1.798183e-074
1.629048e-074
1.475821e-074
1.337007e-074
1.211250e-074
1.097321e-074
9.941082e-075
9.006035e-075
8.158937e-075
7.391517e-075
6.696279e-075
6.066434e-075
5.495832e-075
4.978900e-075
4.510590e-075
4.086329e-075
3.701973e-075
3.353770e-075
3.038318e-075
2.752537e-075
2.493636e-075
2.259088e-075
2.046600e-075
1.854099e-075
1.679705e-075
1.521714e-075
1.378583e-075
1.248915e-075
1.131443e-075
1.025021e-075
9.286087e-076
8.412648e-076
7.621363e-076
6.904506e-076
6.255076e-076
5.666730e-076
5.133724e-076
4.650852e-076
4.213398e-076
3.817090e-076
3.458059e-076
3.132797e-076
2.838130e-076
2.571179e-076
2.329336e-076
2.110242e-076
1.911755e-076
1.731937e-076
1.569033e-076
1.421451e-076
1.287751e-076
1.166627e-076
1.056895e-076
9.574847e-077
8.674248e-077
7.858357e-077
7.119209e-077
6.449584e-077
5.842943e-077
5.293362e-077
4.795475e-077
4.344417e-077
3.935786e-077
3.565591e-077
3.230215e-077
2.926385e-077
2.651132e-077
2.401769e-077
2.175862e-077
1.971203e-077
1.785793e-077
1.617824e-077
1.465653e-077
1.327795e-077
1.202904e-077
1.089760e-077
9.872587e-078
8.943982e-078
8.102721e-078
7.340588e-078
6.650140e-078
6.024636e-078
5.457965e-078
4.944595e-078
4.479512e-078
4.058174e-078
3.676466e-078
3.330662e-078
3.017384e-078
2.733572e-078
2.476455e-078
2.243522e-078
2.032499e-078
1.841324e-078
1.668131e-078
1.511229e-078
1.369084e-078
1.240310e-078
1.123648e-078
1.017959e-078
9.222105e-079
8.354684e-079
7.568851e-079
6.856933e-079
6.211978e-079
5.627686e-079
5.098352e-079
4.618807e-079
4.184367e-079
3.790790e-079
3.434232e-079
3.111212e-079
2.818575e-079
2.553463e-079
2.313287e-079
2.095702e-079
1.898582e-079
1.720004e-079
1.558222e-079
1.411657e-079
1.278878e-079
1.158589e-079
1.049613e-079
9.508876e-080
8.614481e-080
7.804213e-080
7.070157e-080
6.405146e-080
5.802685e-080
5.256891e-080
4.762433e-080
4.314484e-080
3.908668e-080
3.541023e-080
3.207959e-080
2.906221e-080
2.632865e-080
2.385221e-080
2.160870e-080
1.957621e-080
1.773489e-080
1.606677e-080
1.455554e-080
1.318647e-080
1.194616e-080
1.082252e-080
9.804564e-081
8.882357e-081
8.046893e-081
7.290011e-081
6.604320e-081
5.983125e-081
5.420359e-081
4.910526e-081
4.448647e-081
4.030212e-081
3.651135e-081
3.307713e-081
2.996593e-081
2.714737e-081
2.459392e-081
2.228064e-081
2.018495e-081
1.828638e-081
1.656638e-081
1.500816e-081
1.359651e-081
1.231764e-081
1.115906e-081
1.010945e-081
9.158563e-082
8.297119e-082
7.516701e-082
6.809688e-082
6.169177e-082
5.588911e-082
5.063224e-082
4.586983e-082
4.155536e-082
3.764671e-082
3.410570e-082
3.089776e-082
2.799155e-082
2.535869e-082
2.297348e-082
2.081262e-082
1.885501e-082
1.708153e-082
1.547486e-082
1.401931e-082
1.270067e-082
1.150606e-082
1.042381e-082
9.443358e-083
8.555127e-083
7.750441e-083
7.021443e-083
6.361014e-083
5.762704e-083
5.220670e-083
4.729620e-083
4.284757e-083
3.881737e-083
3.516625e-083
3.185855e-083
2.886197e-083
2.614725e-083
2.368787e-083
2.145981e-083
1.944132e-083
1.761270e-083
1.595606e-083
1.445525e-083
1.309561e-083
1.186385e-083
1.074795e-083
9.737009e-084
8.821157e-084
7.991449e-084
7.239782e-084
6.558816e-084
5.941901e-084
5.383012e-084
4.876692e-084
4.417996e-084
4.002444e-084
3.625978e-084
3.284923e-084
2.975947e-084
2.696032e-084
2.442446e-084
2.212713e-084
2.004587e-084
1.816038e-084
1.645223e-084
1.490476e-084
1.350283e-084
1.223277e-084
1.108217e-084
1.003979e-084
9.095460e-085
8.239951e-085
7.464910e-085
6.762769e-085
6.126670e-085
5.550402e-085
5.028338e-085
4.555378e-085
4.126904e-085
3.738732e-085
3.387071e-085
3.068487e-085
2.779868e-085
2.518397e-085
2.281519e-085
2.066922e-085
1.872510e-085
1.696383e-085
1.536823e-085
1.392272e-085
1.261316e-085
1.142678e-085
1.035199e-085
9.378293e-086
8.496181e-086
7.697039e-086
6.973064e-086
6.317185e-086
5.722998e-086
5.184699e-086
4.697032e-086
4.255234e-086
3.854992e-086
3.492395e-086
3.163904e-086
2.866311e-086
2.596709e-086
2.352465e-086
2.131195e-086
1.930737e-086
1.749134e-086
1.584613e-086
1.435566e-086
1.300538e-086
1.178211e-086
1.067390e-086
9.669920e-087
8.760378e-087
7.936387e-087
7.189899e-087
6.513625e-087
5.900960e-087
5.345923e-087
4.843091e-087
4.387555e-087
3.974867e-087
3.600995e-087
3.262289e-087
2.955442e-087
2.677456e-087
2.425618e-087
2.197467e-087
1.990775e-087
1.803525e-087
1.633888e-087
1.480206e-087
1.340979e-087
1.214848e-087
1.100581e-087
9.970617e-088
9.032791e-088
8.183177e-088
7.413476e-088
6.716173e-088
6.084457e-088
5.512160e-088
4.993692e-088
4.523991e-088
4.098469e-088
3.712972e-088
3.363734e-088
3.047344e-088
2.760715e-088
2.501045e-088
2.265799e-088
2.052681e-088
1.859608e-088
1.684695e-088
1.526235e-088
1.382679e-088
1.252625e-088
1.134805e-088
1.028066e-088
9.313675e-089
8.437641e-089
7.644006e-089
6.925019e-089
6.273659e-089
5.683566e-089
5.148976e-089
4.664669e-089
4.225915e-089
3.828430e-089
3.468332e-089
3.142105e-089
2.846562e-089
2.578817e-089
2.336257e-089
2.116511e-089
1.917434e-089
1.737082e-089
1.573694e-089
1.425674e-089
1.291577e-089
1.170093e-089
1.060035e-089
9.603294e-090
8.700018e-090
7.881704e-090
7.140360e-090
6.468745e-090
5.860302e-090
5.309089e-090
4.809722e-090
4.357324e-090
3.947479e-090
3.576184e-090
3.239812e-090
2.935079e-090
2.659008e-090
2.408905e-090
2.182326e-090
1.977059e-090
1.791099e-090
1.622630e-090
1.470007e-090
1.331740e-090
1.206478e-090
1.092998e-090
9.901918e-091
8.970554e-091
8.126794e-091
7.362397e-091
6.669898e-091
6.042534e-091
5.474180e-091
4.959285e-091
4.492820e-091
4.070230e-091
3.687389e-091
3.340557e-091
3.026348e-091
2.741693e-091
2.483812e-091
2.250188e-091
2.038538e-091
1.846795e-091
1.673087e-091
1.515719e-091
1.373152e-091
1.243995e-091
1.126986e-091
1.020983e-091
9.249503e-092
8.379505e-092
7.591338e-092
6.877305e-092
6.230433e-092
5.644406e-092
5.113499e-092
4.632529e-092
4.196798e-092
3.802052e-092
3.444435e-092
3.120455e-092
2.826949e-092
2.561049e-092
2.320160e-092
2.101928e-092
1.904223e-092
1.725114e-092
1.562851e-092
1.415851e-092
1.282678e-092
1.162031e-092
1.052731e-092
9.537126e-093
8.640074e-093
7.827398e-093
7.091162e-093
6.424175e-093
5.819924e-093
5.272508e-093
4.776582e-093
4.327302e-093
3.920281e-093
3.551543e-093
3.217489e-093
2.914856e-093
2.640688e-093
2.392307e-093
2.167290e-093
1.963437e-093
1.778758e-093
1.611450e-093
1.459879e-093
1.322564e-093
1.198165e-093
1.085467e-093
9.833693e-094
8.908746e-094
8.070799e-094
7.311669e-094
6.623941e-094
6.000901e-094
5.436463e-094
4.925115e-094
4.461864e-094
4.042186e-094
3.661982e-094
3.317540e-094
3.005496e-094
2.722802e-094
2.466699e-094
2.234684e-094
2.024492e-094
1.834070e-094
1.661560e-094
1.505275e-094
1.363691e-094
1.235423e-094
1.119221e-094
1.013948e-094
9.185773e-095
8.321769e-095
7.539033e-095
6.829920e-095
6.187505e-095
5.605515e-095
5.078266e-095
4.600610e-095
4.167882e-095
3.775855e-095
3.420703e-095
3.098955e-095
2.807471e-095
2.543403e-095
2.304173e-095
2.087445e-095
1.891103e-095
1.713228e-095
1.552083e-095
1.406096e-095
1.273840e-095
1.154024e-095
1.045478e-095
9.471414e-096
8.580543e-096
7.773467e-096
7.042303e-096
6.379912e-096
5.779824e-096
5.236180e-096
4.743671e-096
4.297486e-096
3.893270e-096
3.527073e-096
3.195320e-096
2.894772e-096
2.622493e-096
2.375824e-096
2.152357e-096
1.949908e-096
1.766502e-096
1.600347e-096
1.449820e-096
1.313452e-096
1.189910e-096
1.077988e-096
9.765937e-097
8.847364e-097
8.015191e-097
7.261291e-097
6.578302e-097
5.959554e-097
5.399005e-097
4.891180e-097
4.431121e-097
4.014335e-097
3.636751e-097
3.294682e-097
2.984788e-097
2.704042e-097
2.449703e-097
2.219286e-097
2.010543e-097
1.821433e-097
1.650111e-097
1.494904e-097
1.354295e-097
1.226911e-097
1.111509e-097
1.006962e-097
9.122482e-098
8.264431e-098
7.487088e-098
6.782861e-098
6.144872e-098
5.566892e-098
5.043277e-098
4.568912e-098
4.139165e-098
3.749839e-098
3.397134e-098
3.077603e-098
2.788127e-098
2.525879e-098
2.288297e-098
2.073063e-098
1.878073e-098
1.701423e-098
1.541389e-098
1.396408e-098
1.265063e-098
1.146073e-098
1.038274e-098
9.406155e-099
8.521422e-099
7.719907e-099
6.993781e-099
6.335953e-099
5.740001e-099
5.200102e-099
4.710987e-099
4.267876e-099
3.866445e-099
3.502771e-099
3.173304e-099
2.874827e-099
2.604424e-099
2.359454e-099
2.137527e-099
1.936473e-099
1.754331e-099
1.589320e-099
1.439831e-099
1.304402e-099
1.181711e-099
1.070561e-099
9.698649e-100
8.786405e-100
7.959965e-100
7.211260e-100
6.532976e-100
5.918492e-100
5.361805e-100
4.857480e-100
4.400590e-100
3.986676e-100
3.611693e-100
3.271981e-100
2.964222e-100
2.685411e-100
2.432824e-100
2.203995e-100
1.996690e-100
1.808883e-100
1.638742e-100
1.484604e-100
1.344963e-100
1.218458e-100
1.103851e-100
1.000024e-100
9.059627e-101
8.207489e-101
7.435501e-101
6.736126e-101
6.102533e-101
5.528536e-101
5.008528e-101
4.537431e-101
4.110645e-101
3.724003e-101
3.373727e-101
3.056398e-101
2.768917e-101
2.508475e-101
2.272531e-101
2.058779e-101
1.865133e-101
1.689700e-101
1.530769e-101
1.386786e-101
1.256347e-101
1.138176e-101
1.031121e-101
9.341346e-102
8.462709e-102
7.666716e-102
6.945593e-102
6.292298e-102
5.700451e-102
5.164273e-102
4.678527e-102
4.238470e-102
3.839804e-102
3.478637e-102
3.151440e-102
2.855019e-102
2.586479e-102
2.343198e-102
2.122799e-102
1.923131e-102
1.742243e-102
1.578370e-102
1.429910e-102
1.295414e-102
1.173569e-102
1.063184e-102
9.631824e-103
8.725866e-103
7.905120e-103
7.161573e-103
6.487964e-103
5.877713e-103
5.324862e-103
4.824011e-103
4.370270e-103
3.959207e-103
3.586808e-103
3.249437e-103
2.943799e-103
2.666908e-103
2.416062e-103
2.188810e-103
1.982933e-103
1.796420e-103
1.627451e-103
1.474375e-103
1.335696e-103
1.210062e-103
1.096245e-103
9.931336e-104
8.997205e-104
8.150938e-104
7.384270e-104
6.689713e-104
6.060486e-104
5.490444e-104
4.974019e-104
4.506168e-104
4.082323e-104
3.698344e-104
3.350482e-104
3.035339e-104
2.749838e-104
2.491192e-104
2.256873e-104
2.044594e-104
1.852282e-104
1.678058e-104
1.520222e-104
1.377231e-104
1.247690e-104
1.130334e-104
1.024016e-104
9.276983e-105
8.404400e-105
7.613891e-105
6.897737e-105
6.248943e-105
5.661175e-105
5.128691e-105
4.646292e-105
4.209267e-105
3.813348e-105
3.454668e-105
3.129726e-105
2.835347e-105
2.568658e-105
2.327053e-105
2.108173e-105
1.909880e-105
1.730239e-105
1.567495e-105
1.420058e-105
1.286489e-105
1.165483e-105
1.055859e-105
9.565460e-106
8.665743e-106
7.850653e-106
7.112229e-106
6.443261e-106
5.837215e-106
5.288173e-106
4.790773e-106
4.340158e-106
3.931928e-106
3.562095e-106
3.227048e-106
2.923516e-106
2.648533e-106
2.399415e-106
2.173728e-106
1.969270e-106
1.784043e-106
1.616237e-106
1.464216e-106
1.326493e-106
1.201725e-106
1.088692e-106
9.862908e-107
8.935214e-107
8.094777e-107
7.333391e-107
6.643621e-107
6.018729e-107
5.452614e-107
4.939747e-107
4.475120e-107
4.054195e-107
3.672862e-107
3.327397e-107
3.014425e-107
2.730892e-107
2.474027e-107
2.241323e-107
2.030506e-107
1.839519e-107
1.666496e-107
1.509747e-107
1.367742e-107
1.239094e-107
1.122546e-107
1.016961e-107
9.213063e-108
8.346493e-108
7.561431e-108
6.850211e-108
6.205888e-108
5.622169e-108
5.093354e-108
4.614278e-108
4.180264e-108
3.787073e-108
3.430865e-108
3.108162e-108
2.815812e-108
2.550959e-108
2.311019e-108
2.093647e-108
1.896721e-108
1.718317e-108
1.556694e-108
1.410273e-108
1.277625e-108
1.157453e-108
1.048584e-108
9.499553e-109
8.606036e-109
7.796561e-109
7.063225e-109
6.398866e-109
5.796996e-109
5.251737e-109
4.757764e-109
4.310254e-109
3.904836e-109
3.537552e-109
3.204813e-109
2.903372e-109
2.630284e-109
2.382883e-109
2.158751e-109
1.955701e-109
1.771750e-109
1.605101e-109
1.454127e-109
1.317354e-109
1.193445e-109
1.081191e-109
9.794951e-110
8.873649e-110
8.039003e-110
7.282864e-110
6.597845e-110
5.977259e-110
5.415045e-110
4.905712e-110
4.444286e-110
4.026261e-110
3.647555e-110
3.304470e-110
2.993656e-110
2.712076e-110
2.456981e-110
2.225880e-110
2.016516e-110
1.826845e-110
1.655014e-110
1.499345e-110
1.358318e-110
1.230556e-110
1.114812e-110
1.009954e-110
9.149584e-111
8.288984e-111
7.509332e-111
6.803012e-111
6.163128e-111
5.583431e-111
5.058260e-111
4.582485e-111
4.151462e-111
3.760980e-111
3.407226e-111
3.086746e-111
2.796410e-111
2.533383e-111
2.295096e-111
2.079222e-111
1.883652e-111
1.706478e-111
1.545969e-111
1.400557e-111
1.268822e-111
1.149478e-111
1.041359e-111
9.434100e-112
8.546739e-112
7.742842e-112
7.014559e-112
6.354777e-112
5.757054e-112
5.215552e-112
4.724983e-112
4.280556e-112
3.877932e-112
3.513178e-112
3.182732e-112
2.883368e-112
2.612161e-112
2.366464e-112
2.143877e-112
1.942226e-112
1.759543e-112
1.594042e-112
1.444108e-112
1.308277e-112
1.185222e-112
1.073741e-112
9.727463e-113
8.812509e-113
7.983614e-113
7.232684e-113
6.552386e-113
5.936075e-113
5.377735e-113
4.871911e-113
4.413664e-113
3.998520e-113
3.622423e-113
3.281702e-113
2.973029e-113
2.693389e-113
2.440052e-113
2.210543e-113
2.002622e-113
1.814258e-113
1.643610e-113
1.489014e-113
1.348959e-113
1.222078e-113
1.107130e-113
1.002995e-113
9.086543e-114
8.231872e-114
7.457592e-114
6.756139e-114
6.120664e-114
5.544961e-114
5.023408e-114
4.550912e-114
4.122858e-114
3.735066e-114
3.383750e-114
3.065478e-114
2.777143e-114
2.515928e-114
2.279282e-114
2.064896e-114
1.870674e-114
1.694720e-114
1.535317e-114
1.390907e-114
1.260079e-114
1.141558e-114
1.034184e-114
9.369098e-115
8.487851e-115
7.689493e-115
6.966228e-115
6.310992e-115
5.717387e-115
5.179616e-115
4.692427e-115
4.251062e-115
3.851212e-115
3.488971e-115
3.160803e-115
2.863501e-115
2.594163e-115
2.350159e-115
2.129106e-115
1.928844e-115
1.747419e-115
1.583059e-115
1.434158e-115
1.299263e-115
1.177056e-115
1.066343e-115
9.660440e-116
8.751790e-116
7.928606e-116
7.182850e-116
6.507239e-116
5.895175e-116
5.340681e-116
4.838343e-116
4.383254e-116
3.970970e-116
3.597465e-116
3.259091e-116
2.952544e-116
2.674831e-116
2.423240e-116
2.195312e-116
1.988824e-116
1.801757e-116
1.632286e-116
1.478755e-116
1.339665e-116
1.213657e-116
1.099502e-116
9.960841e-117
9.023935e-117
8.175154e-117
7.406208e-117
6.709588e-117
6.078492e-117
5.506755e-117
4.988796e-117
4.519555e-117
4.094451e-117
3.709331e-117
3.360436e-117
3.044357e-117
2.758008e-117
2.498593e-117
2.263578e-117
2.050668e-117
1.857785e-117
1.683043e-117
1.524738e-117
1.381323e-117
1.251397e-117
1.133692e-117
1.027058e-117
9.304544e-118
8.429369e-118
7.636512e-118
6.918230e-118
6.267509e-118
5.677994e-118
5.143928e-118
4.660096e-118
4.221772e-118
3.824677e-118
3.464932e-118
3.139024e-118
2.843771e-118
2.576289e-118
2.333966e-118
2.114436e-118
1.915554e-118
1.735379e-118
1.572152e-118
1.424277e-118
1.290311e-118
1.168946e-118
1.058996e-118
9.593878e-119
8.691489e-119
7.873977e-119
7.133359e-119
6.462403e-119
5.854557e-119
5.303884e-119
4.805006e-119
4.353053e-119
3.943609e-119
3.572678e-119
3.236635e-119
2.932201e-119
2.656401e-119
2.406543e-119
2.180186e-119
1.975121e-119
1.789343e-119
1.621039e-119
1.468566e-119
1.330434e-119
1.205295e-119
1.091926e-119
9.892210e-120
8.961760e-120
8.118826e-120
7.355178e-120
6.663358e-120
6.036610e-120
5.468813e-120
4.954423e-120
4.488415e-120
4.066240e-120
3.683774e-120
3.337282e-120
3.023381e-120
2.739005e-120
2.481377e-120
2.247982e-120
2.036539e-120
1.844984e-120
1.671447e-120
1.514233e-120
1.371806e-120
1.242775e-120
1.125881e-120
1.019982e-120
9.240435e-121
8.371290e-121
7.583895e-121
6.870562e-121
6.224325e-121
5.638872e-121
5.108486e-121
4.627987e-121
4.192684e-121
3.798324e-121
3.441058e-121
3.117396e-121
2.824177e-121
2.558538e-121
2.317885e-121
2.099867e-121
1.902356e-121
1.723422e-121
1.561319e-121
1.414463e-121
1.281420e-121
1.160891e-121
1.051699e-121
9.527776e-122
8.631604e-122
7.819724e-122
7.084210e-122
6.417877e-122
5.814218e-122
5.267339e-122
4.771899e-122
4.323060e-122
3.916437e-122
3.548061e-122
3.214335e-122
2.911998e-122
2.638099e-122
2.389962e-122
2.165165e-122
1.961512e-122
1.777014e-122
1.609870e-122
1.458447e-122
1.321267e-122
1.196991e-122
1.084403e-122
9.824052e-123
8.900012e-123
8.062887e-123
7.304500e-123
6.617447e-123
5.995017e-123
5.431133e-123
4.920286e-123
4.457490e-123
4.038223e-123
3.658392e-123
3.314288e-123
3.002549e-123
2.720133e-123
2.464280e-123
2.232493e-123
2.022507e-123
1.832272e-123
1.659931e-123
1.503799e-123
1.362354e-123
1.234212e-123
1.118124e-123
1.012954e-123
9.176767e-124
8.313611e-124
7.531641e-124
6.823224e-124
6.181439e-124
5.600019e-124
5.073288e-124
4.596100e-124
4.163796e-124
3.772154e-124
3.417349e-124
3.095917e-124
2.804718e-124
2.540910e-124
2.301914e-124
2.085399e-124
1.889249e-124
1.711548e-124
1.550562e-124
1.404717e-124
1.272591e-124
1.152893e-124
1.044453e-124
9.462128e-125
8.572131e-125
7.765846e-125
7.035399e-125
6.373657e-125
5.774158e-125
5.231047e-125
4.739020e-125
4.293273e-125
3.889453e-125
3.523615e-125
3.192188e-125
2.891934e-125
2.619922e-125
2.373495e-125
2.150247e-125
1.947997e-125
1.764770e-125
1.598778e-125
1.448399e-125
1.312164e-125
1.188743e-125
1.076931e-125
9.756363e-126
8.838690e-126
8.007333e-126
7.254172e-126
6.571852e-126
5.953711e-126
5.393712e-126
4.886385e-126
4.426777e-126
4.010399e-126
3.633185e-126
3.291452e-126
2.981862e-126
2.701391e-126
2.447301e-126
2.217111e-126
2.008572e-126
1.819648e-126
1.648494e-126
1.493438e-126
1.352967e-126
1.225708e-126
1.110420e-126
1.005975e-126
9.113538e-127
8.256329e-127
7.479748e-127
6.776211e-127
6.138848e-127
5.561435e-127
5.038332e-127
4.564432e-127
4.135107e-127
3.746163e-127
3.393803e-127
3.074586e-127
2.785394e-127
2.523402e-127
2.286054e-127
2.071030e-127
1.876231e-127
1.699755e-127
1.539878e-127
1.395039e-127
1.263823e-127
1.144949e-127
1.037257e-127
9.396933e-128
8.513068e-128
7.712338e-128
6.986924e-128
6.329742e-128
5.734373e-128
5.195004e-128
4.706368e-128
4.263692e-128
3.862654e-128
3.499337e-128
3.170193e-128
2.872008e-128
2.601870e-128
2.357141e-128
2.135431e-128
1.934575e-128
1.752611e-128
1.587762e-128
1.438419e-128
1.303123e-128
1.180553e-128
1.069511e-128
9.689140e-129
8.777791e-129
7.952161e-129
7.204190e-129
6.526571e-129
5.912689e-129
5.356548e-129
4.852717e-129
4.396276e-129
3.982767e-129
3.608152e-129
3.268774e-129
2.961316e-129
2.682778e-129
2.430439e-129
2.201835e-129
1.994732e-129
1.807110e-129
1.637135e-129
1.483148e-129
1.343645e-129
1.217263e-129
1.102769e-129
9.990434e-130
9.050745e-130
8.199442e-130
7.428211e-130
6.729522e-130
6.096551e-130
5.523116e-130
5.003617e-130
4.532983e-130
4.106615e-130
3.720352e-130
3.370419e-130
3.053401e-130
2.766202e-130
2.506016e-130
2.270303e-130
2.056761e-130
1.863304e-130
1.688044e-130
1.529268e-130
1.385427e-130
1.255115e-130
1.137060e-130
1.030110e-130
9.332187e-131
8.454412e-131
7.659199e-131
6.938783e-131
6.286129e-131
5.694863e-131
5.159210e-131
4.673940e-131
4.234315e-131
3.836040e-131
3.475226e-131
3.148350e-131
2.852220e-131
2.583943e-131
2.340900e-131
2.120718e-131
1.921245e-131
1.740535e-131
1.576822e-131
1.428508e-131
1.294144e-131
1.172418e-131
1.062142e-131
9.622381e-132
8.717311e-132
7.897370e-132
7.154552e-132
6.481603e-132
5.871950e-132
5.319641e-132
4.819281e-132
4.365985e-132
3.955325e-132
3.583292e-132
3.246251e-132
2.940912e-132
2.664293e-132
2.413693e-132
2.186664e-132
1.980988e-132
1.794659e-132
1.625855e-132
1.472929e-132
1.334387e-132
1.208876e-132
1.095170e-132
9.921599e-133
8.988384e-133
8.142947e-133
7.377030e-133
6.683155e-133
6.054545e-133
5.485061e-133
4.969142e-133
4.501750e-133
4.078320e-133
3.694718e-133
3.347197e-133
3.032363e-133
2.747142e-133
2.488749e-133
2.254660e-133
2.042589e-133
1.850466e-133
1.676413e-133
1.518731e-133
1.375881e-133
1.246467e-133
1.129226e-133
1.023012e-133
9.267887e-134
8.396160e-134
7.606427e-134
6.890974e-134
6.242817e-134
5.655624e-134
5.123663e-134
4.641736e-134
4.205140e-134
3.809609e-134
3.451281e-134
3.126658e-134
2.832568e-134
2.566139e-134
2.324771e-134
2.106106e-134
1.908008e-134
1.728542e-134
1.565958e-134
1.418665e-134
1.285227e-134
1.164340e-134
1.054824e-134
9.556079e-135
8.657244e-135
7.842953e-135
7.105253e-135
6.436940e-135
5.831487e-135
5.282983e-135
4.786070e-135
4.335897e-135
3.928066e-135
3.558595e-135
3.223876e-135
2.920640e-135
2.645926e-135
2.397051e-135
2.171585e-135
1.967325e-135
1.782278e-135
1.614636e-135
1.462762e-135
1.325172e-135
1.200524e-135
1.087599e-135
9.852959e-136
8.926145e-136
8.086501e-136
7.325826e-136
6.636692e-136
6.012370e-136
5.446763e-136
4.934346e-136
4.470117e-136
4.049541e-136
3.668511e-136
3.323306e-136
3.010556e-136
2.727205e-136
2.470488e-136
2.237896e-136
2.027159e-136
1.836218e-136
1.663209e-136
1.506442e-136
1.364387e-136
1.235655e-136
1.118991e-136
1.013254e-136
9.174124e-137
8.305297e-137
7.517578e-137
6.803272e-137
6.155404e-137
5.567648e-137
5.034263e-137
4.550040e-137
4.110252e-137
3.710603e-137
3.347190e-137
3.016465e-137
2.715197e-137
2.440445e-137
2.189526e-137
1.959988e-137
1.749591e-137
1.556280e-137
1.378167e-137
1.213512e-137
1.060709e-137
9.182633e-138
7.847854e-138
6.589714e-138
5.395927e-138
4.254834e-138
3.155292e-138
2.086564e-138
1.038213e-138
